2.600,30,77,65
B0,mixamorig2_Hips,-1,0.9961897730827332,-0.055046796798706055,0.06762980669736862,0,0.05800168588757515,0.9974105358123779,-0.042523253709077835,0,-0.06511389464139938,0.04628433659672737,0.9968029856681824,0,-0.03499417379498482,99.45563507080078,1.3113815784454346,1
B1,mixamorig2_Spine,0,0.9985144138336182,0.0483870804309845,-0.025053419172763824,0,-0.04770362004637718,0.9984909296035767,0.027195554226636887,0,0.026332149282097816,-0.025960000231862068,0.9993159174919128,0,0,8.951199531555176,-0.2865999937057495,1
B2,mixamorig2_Spine1,1,0.9995471835136414,0.029514217749238014,-0.005889351945370436,0,-0.02937239222228527,0.9993064403533936,0.022877972573041916,0,0.006560271140187979,-0.0226944200694561,0.9997208118438721,0,0,10.448399543762207,0,1
B3,mixamorig2_Spine2,2,0.9995421767234802,0.029597947373986244,-0.006272622384130955,0,-0.029450757429003716,0.9993144273757935,0.02243197336792946,0,0.006931541487574577,-0.022237420082092285,0.999728798866272,0,0,11.940999984741211,0,1
B4,mixamorig2_Neck,3,0.9993699193000793,0.03540177643299103,-0.002328353002667427,0,-0.03519320860505104,0.9975029230117798,0.061217524111270905,0,0.004488475155085325,-0.06109650060534477,0.998120903968811,0,0,13.433600425720215,0,1
B5,mixamorig2_Head,4,0.9993435740470886,0.03607366606593132,-0.00320716411806643,0,-0.0359652079641819,0.9989254474639893,0.029199888929724693,0,0.004256393760442734,-0.02906513214111328,0.999567449092865,0,0,8.477299690246582,0.4431000053882599,1
B6,mixamorig2_HeadTop_End,5,1,0,0,0,0,1,0,0,0,0,1,0,0,21.306800842285156,1.1136000156402588,1
B7,mixamorig2_LeftShoulder,3,0.2732774019241333,0.019356217235326767,-0.961740255355835,0,0.8455013036727905,-0.48163512349128723,0.23055458068847656,0,-0.45874521136283875,-0.876157820224762,-0.14798563718795776,0,5.225299835205078,11.903499603271484,-0.04659999907016754,1
B8,mixamorig2_LeftArm,7,0.9349740743637085,0.3089243173599243,-0.1743258684873581,0,-0.0416015163064003,0.5835589170455933,0.8110038638114929,0,0.3522682785987854,-0.7510152459144592,0.5584644675254822,0,0,10.833399772644043,0,1
B9,mixamorig2_LeftForeArm,8,0.9994301795959473,0.03247629106044769,0.009212999604642391,0,-0.032482292503118515,0.9994722008705139,0.0004519053327385336,0,-0.00919399969279766,-0.000750175560824573,0.9999570250511169,0,0,25.510299682617188,0,1
B10,mixamorig2_LeftHand,9,0.8408986330032349,-0.08385082334280014,0.5346224308013916,0,-0.005315773189067841,0.9865767955780029,0.1630529761314392,0,-0.5411500334739685,-0.1399354487657547,0.8291707634925842,0,0,24.506200790405273,0,1
B11,mixamorig2_LeftHandThumb1,10,0.918684184551239,0.38282331824302673,-0.09729401767253876,0,-0.3280088007450104,0.8766185641288757,0.3520659804344177,0,0.22006872296333313,-0.29152408242225647,0.9309042692184448,0,-2.9267001152038574,3.0195999145507812,1.2417999505996704,1
B12,mixamorig2_LeftHandThumb2,11,0.9455334544181824,-0.3011939823627472,-0.12348242104053497,0,0.2731907367706299,0.9404874444007874,-0.2021128535270691,0,0.1770091950893402,0.15737037360668182,0.9715462923049927,0,-0.6902999877929688,3.439199924468994,0,1
B13,mixamorig2_LeftHandThumb3,12,0.9731720089912415,0.20001700520515442,0.11370500177145004,0,-0.1620440036058426,0.9466909766197205,-0.27842000126838684,0,-0.163332998752594,0.2525256276130676,0.9537050127983093,0,0.15240000188350677,3.0773000717163086,0,1
B14,mixamorig2_LeftHandThumb4,13,1,0,0,0,0,1,0,0,0,0,1,0,0.5378000140190125,2.210599899291992,0,1
B15,mixamorig2_LeftHandIndex1,10,0.9926223754882812,0.1212412416934967,-0.0007487433031201363,0,-0.12029824405908585,0.9856356382369995,0.11853505671024323,0,0.015109175816178322,-0.11757034063339233,0.9929496049880981,0,-3.337100028991699,9.136300086975098,0.1177000030875206,1
B16,mixamorig2_LeftHandIndex2,15,0.9992499947547913,-0.03829652816057205,-0.005749175325036049,0,0.0382731631398201,0.9539976716041565,0.29736238718032837,0,-0.005903175566345453,-0.2973593771457672,0.9547473192214966,0,0.008999999612569809,3.075900077819824,0,1
B17,mixamorig2_LeftHandIndex3,16,0.9998760223388672,-0.015687162056565285,-0.0013372702524065971,0,0.01572052761912346,0.9901893138885498,0.13884691894054413,0,-0.0008542702998965979,-0.13885055482387543,0.990312933921814,0,-0.004900000058114529,2.8001999855041504,0,1
B18,mixamorig2_LeftHandIndex4,17,1,0,0,0,0,1,0,0,0,0,1,0,-0.00419999985024333,2.44569993019104,0,1
B19,mixamorig2_LeftHandMiddle1,10,0.9983595013618469,0.05719441920518875,0.002627162029966712,0,-0.055974848568439484,0.9653504490852356,0.2548816204071045,0,0.01204170286655426,-0.25461024045944214,0.9669683575630188,0,-0.9397000074386597,9.032699584960938,-0.17170000076293945,1
B20,mixamorig2_LeftHandMiddle2,19,0.9992640018463135,-0.03793182596564293,-0.005737364757806063,0,0.037912461906671524,0.9535426497459412,0.29886287450790405,0,-0.0058653648011386395,-0.29886022210121155,0.9542786478996277,0,0.008700000122189522,3.3073999881744385,0,1
B21,mixamorig2_LeftHandMiddle3,20,0.9993469715118408,-0.0355888269841671,-0.006246729753911495,0,0.03574145957827568,0.9482322335243225,0.31555986404418945,0,-0.005307364743202925,-0.31557685136795044,0.9488852024078369,0,-0.004699999932199717,3.1054000854492188,0,1
B22,mixamorig2_LeftHandMiddle4,21,1,0,0,0,0,1,0,0,0,0,1,0,-0.0038999998942017555,2.734100103378296,0,1
B23,mixamorig2_LeftHandRing1,10,0.9992716908454895,0.03815672919154167,-0.000007743287824268918,0,-0.03585444763302803,0.9390479922294617,0.3419121205806732,0,0.013053378090262413,-0.34166276454925537,0.9397318959236145,0,1.11489999294281,9.02649974822998,-0.13850000500679016,1
B24,mixamorig2_LeftHandRing2,23,0.9990059733390808,-0.04384417459368706,-0.00802427064627409,0,0.043824173510074615,0.9333338141441345,0.35632404685020447,0,-0.008133270777761936,-0.3563210368156433,0.9343278408050537,0,0.005400000140070915,2.7511000633239746,0,1
B25,mixamorig2_LeftHandRing3,24,0.9993799924850464,-0.034730538725852966,-0.005815270356833935,0,0.0348401740193367,0.9512077569961548,0.30657869577407837,0,-0.005116270389407873,-0.3065910339355469,0.9518277645111084,0,-0.0032999999821186066,2.789299964904785,0,1
B26,mixamorig2_LeftHandRing4,25,1,0,0,0,0,1,0,0,0,0,1,0,-0.002099999925121665,2.3826000690460205,0,1
B27,mixamorig2_LeftHandPinky1,10,0.9999356269836426,-0.00008810929284663871,-0.011313648894429207,0,0.005025230813771486,0.899348258972168,0.4372037351131439,0,0.010136094875633717,-0.43723243474960327,0.8992912769317627,0,3.161900043487549,8.505999565124512,0.05460000038146973,1
B28,mixamorig2_LeftHandPinky2,27,0.9993039965629578,-0.036878474056720734,-0.005615824367851019,0,0.03686947375535965,0.9535083770751953,0.2991016209125519,0,-0.005675824359059334,-0.2991006076335907,0.9542047381401062,0,0.002400000113993883,2.48009991645813,0,1
B29,mixamorig2_LeftHandPinky3,28,0.9994310140609741,-0.033346109092235565,-0.005020459182560444,0,0.0333981066942215,0.958213210105896,0.28409767150878906,0,-0.004662459250539541,-0.2841036915779114,0.9587822556495667,0,-0.00139999995008111,2.079900026321411,0,1
B30,mixamorig2_LeftHandPinky4,29,1,0,0,0,0,1,0,0,0,0,1,0,-0.0010000000474974513,1.8425999879837036,0,1
B31,mixamorig2_RightShoulder,3,0.2469049096107483,-0.023654121905565262,0.9687508344650269,0,-0.8322237133979797,-0.5173128247261047,0.19947701692581177,0,0.4964289963245392,-0.8554694056510925,-0.14741258323192596,0,-5.225299835205078,11.903599739074707,-0.05130000039935112,1
B32,mixamorig2_RightArm,31,0.8588261604309082,-0.3892103135585785,0.3330642580986023,0,0.031063508242368698,0.6885497570037842,0.7245228290557861,0,-0.5113227963447571,-0.6118936538696289,0.6034355163574219,0,0,10.833399772644043,0,1
B33,mixamorig2_RightForeArm,32,0.9928680658340454,-0.11885182559490204,-0.009346364997327328,0,0.11887182295322418,0.9929080605506897,0.0017009190050885081,0,0.009077634662389755,-0.0027997433207929134,0.9999549984931946,0,0,25.508899688720703,0,1
B34,mixamorig2_RightHand,33,0.948313295841217,0.10794094204902649,-0.2984136641025543,0,-0.067777618765831,0.9875674247741699,0.14183150231838226,0,0.31001269817352295,-0.11427537351846695,0.9438392519950867,0,0,24.507200241088867,0,1
B35,mixamorig2_RightHandThumb1,34,0.8903743624687195,-0.4483306407928467,0.07894723862409592,0,0.3920930325984955,0.8433805108070374,0.3673856556415558,0,-0.23129212856292725,-0.29615604877471924,0.9267118573188782,0,2.7197999954223633,2.723599910736084,1.186400055885315,1
B36,mixamorig2_RightHandThumb2,35,0.9170995354652405,0.3832547068595886,0.10974783450365067,0,-0.36312761902809143,0.9166927337646484,-0.16677172482013702,0,-0.16452130675315857,0.1130937859416008,0.9798682928085327,0,0.5569000244140625,3.1737000942230225,0,1
B37,mixamorig2_RightHandThumb3,36,0.9926500916481018,-0.049650080502033234,-0.11036492139101028,0,0.011461702175438404,0.94643634557724,-0.3226861357688904,0,0.12047445774078369,0.31904900074005127,0.9400496482849121,0,-0.20649999380111694,3.249300003051758,0,1
B38,mixamorig2_RightHandThumb4,37,1,0,0,0,0,1,0,0,0,0,1,0,-0.35040000081062317,2.8046998977661133,0,1
B39,mixamorig2_RightHandIndex1,34,0.9915570020675659,-0.12964800000190735,-0.002393378410488367,0,0.12894900143146515,0.9839328527450562,0.12348559498786926,0,-0.013655095361173153,-0.12275159358978271,0.992343544960022,0,3.283900022506714,9.167900085449219,0.012000000104308128,1
B40,mixamorig2_RightHandIndex2,39,0.9996970295906067,0.02431218884885311,0.003744729794561863,0,-0.024318188428878784,0.9538232088088989,0.2993830144405365,0,0.0037067297380417585,-0.29938337206840515,0.9541255831718445,0,-0.0013000000035390258,3.0429000854492188,0,1
B41,mixamorig2_RightHandIndex3,40,0.9999499917030334,0.00994918867945671,0.0007510000141337514,0,-0.009956189431250095,0.9900513887405396,0.14035309851169586,0,0.0006523648626171052,-0.140353724360466,0.9901009798049927,0,0.0019000000320374966,2.8647000789642334,0,1
B42,mixamorig2_RightHandIndex4,41,1,0,0,0,0,1,0,0,0,0,1,0,-0.000699999975040555,2.432300090789795,0,1
B43,mixamorig2_RightHandMiddle1,34,0.9975678324699402,-0.06969355791807175,0.0010031216079369187,0,0.06703528761863708,0.963262140750885,0.2600618898868561,0,-0.019090892747044563,-0.25936251878738403,0.9655912518501282,0,0.9546999931335449,8.974800109863281,0.024900000542402267,1
B44,mixamorig2_RightHandMiddle2,43,0.9997836947441101,0.020560553297400475,0.003169702598825097,0,-0.020564554259181023,0.9537856578826904,0.29978320002555847,0,0.0031403377652168274,-0.29978320002555847,0.9540019035339355,0,0.002400000113993883,3.1963999271392822,0,1
B45,mixamorig2_RightHandMiddle3,44,0.9997463822364807,0.02224455401301384,0.003527972847223282,0,-0.0222169179469347,0.9483188390731812,0.3165406584739685,0,0.0036949729546904564,-0.31653866171836853,0.9485720992088318,0,-0.0006000000284984708,3.1865999698638916,0,1
B46,mixamorig2_RightHandMiddle4,45,1,0,0,0,0,1,0,0,0,0,1,0,-0.0017999999690800905,2.7548999786376953,0,1
B47,mixamorig2_RightHandRing1,34,0.99864661693573,-0.05181839317083359,-0.004454013425856829,0,0.05008575692772865,0.9351096153259277,0.35080066323280334,0,-0.01401245966553688,-0.3505493104457855,0.9364393353462219,0,-1.1521999835968018,9.07759952545166,-0.23340000212192535,1
B48,mixamorig2_RightHandRing2,47,0.9996219873428345,0.02702373079955578,0.00500136474147439,0,-0.027020730078220367,0.933190107345581,0.35836565494537354,0,0.005016999784857035,-0.3583652973175049,0.9335680603981018,0,0.0026000000070780516,2.8696000576019287,0,1
B49,mixamorig2_RightHandRing3,48,0.9996569752693176,0.02588336542248726,0.0038870000280439854,0,-0.02582073025405407,0.9509677886962891,0.30820930004119873,0,0.004280999768525362,-0.3082042932510376,0.9513104557991028,0,-0.0027000000700354576,2.6958999633789062,0,1
B50,mixamorig2_RightHandRing4,49,1,0,0,0,0,1,0,0,0,0,1,0,0.00009999999747378752,2.287400007247925,0,1
B51,mixamorig2_RightHandPinky1,34,0.9996833801269531,-0.021226540207862854,0.013501432724297047,0,0.013020648621022701,0.8957993984222412,0.44426846504211426,0,-0.02152470126748085,-0.443951815366745,0.8957924246788025,0,-3.086400032043457,8.374699592590332,0.15379999577999115,1
B52,mixamorig2_RightHandPinky2,51,0.9997869729995728,0.0204006340354681,0.0031496351584792137,0,-0.02040727064013481,0.9538768529891968,0.2995031476020813,0,0.0031059999018907547,-0.29950350522994995,0.9540898203849792,0,0.0031999999191612005,2.5383999347686768,0,1
B53,mixamorig2_RightHandPinky3,52,0.9997619986534119,0.02162463404238224,0.0029046351555734873,0,-0.021557269617915154,0.9584458470344543,0.2844585180282593,0,0.003367635188624263,-0.28445351123809814,0.9586838483810425,0,-0.0019000000320374966,2.1456000804901123,0,1
B54,mixamorig2_RightHandPinky4,53,1,0,0,0,0,1,0,0,0,0,1,0,-0.0013000000035390258,1.9493999481201172,0,1
B55,mixamorig2_LeftUpLeg,0,-0.95188307762146,-0.12779855728149414,0.27854326367378235,0,0.17996732890605927,-0.9687786102294922,0.1705276370048523,0,0.2480536252260208,0.2124502956867218,0.945163369178772,0,8.899700164794922,-4.969699859619141,-0.7815999984741211,1
B56,mixamorig2_LeftLeg,55,0.9980819225311279,0.0618366077542305,-0.0027198446914553642,0,-0.05973817780613899,0.9508506655693054,-0.30383360385894775,0,-0.016202209517359734,0.3034134805202484,0.952720582485199,0,0,42.8650016784668,0,1
B57,mixamorig2_LeftFoot,56,0.9976177215576172,-0.06874953955411911,-0.005758310668170452,0,0.03911617770791054,0.49490275979042053,0.8680672645568848,0,-0.05682985112071037,-0.8662246465682983,0.49641236662864685,0,0,42.83760070800781,0,1
B58,mixamorig2_LeftToeBase,57,0.99406498670578,-0.00445490563288331,0.10869963467121124,0,-0.06506353616714478,0.7764343023300171,0.6268303990364075,0,-0.08719073235988617,-0.6301823854446411,0.7715362906455994,0,0,15.807000160217285,0,1
B59,mixamorig2_LeftToe_End,58,1,0,0,0,0,1,0,0,0,0,1,0,0,6.435299873352051,0,1
B60,mixamorig2_RightUpLeg,0,-0.9825681447982788,-0.05317574366927147,-0.17813630402088165,0,0.05226058512926102,-0.9985848665237427,0.009830581955611706,0,-0.17840662598609924,0.00034914910793304443,0.9839563369750977,0,-8.899700164794922,-4.969699859619141,-0.9538999795913696,1
B61,mixamorig2_RightLeg,60,0.9834474325180054,-0.06773262470960617,-0.1680566668510437,0,0.03276517614722252,0.9786904454231262,-0.20270927250385284,0,0.17820514738559723,0.19384734332561493,0.9647102952003479,0,0,42.86309814453125,0,1
B62,mixamorig2_RightFoot,61,0.9991766810417175,-0.00220703799277544,-0.04048357531428337,0,0.03768773749470711,0.41871389746665955,0.9073352217674255,0,0.014948222786188126,-0.9081153273582458,0.4184524416923523,0,0,42.83420181274414,0,1
B63,mixamorig2_RightToeBase,62,0.9940890073776245,0.00647418899461627,-0.10837572813034058,0,0.06663455814123154,0.7517070174217224,0.6561222672462463,0,0.08571527153253555,-0.6594656109809875,0.746832013130188,0,0,15.84119987487793,0,1
B64,mixamorig2_RightToe_End,63,1,0,0,0,0,1,0,0,0,0,1,0,0,6.527900218963623,0,1
@52,0,1,2,3,4,5,7,8,9,10,11,12,13,15,16,17,19,20,21,23,24,25,27,28,29,31,32,33,34,35,36,37,39,40,41,43,44,45,47,48,49,51,52,53,55,56,57,58,60,61,62,63
K0.000,0.9938290119171143,-0.057649001479148865,0.09476900100708008,0,0.06345999985933304,0.996209979057312,-0.05948900058865547,0,-0.09098000079393387,0.06513600051403046,0.9937199950218201,0,0.1116039976477623,99.45906829833984,0.7994080185890198,1,0.9985830187797546,0.04733699932694435,-0.02429799921810627,0,-0.046688999980688095,0.9985550045967102,0.02659199945628643,0,0.02552100084722042,-0.02542000077664852,0.9993510246276855,0,0,8.951199531555176,-0.2865999937057495,1,0.9996100068092346,0.027542000636458397,-0.004699000157415867,0,-0.027442000806331635,0.9994180202484131,0.020250000059604645,0,0.005253999959677458,-0.02011300064623356,0.999783992767334,0,0,10.448399543762207,0,1,0.9996060132980347,0.027612999081611633,-0.004997000098228455,0,-0.027509000152349472,0.9994249939918518,0.019805999472737312,0,0.005541000049561262,-0.01966099999845028,0.9997910261154175,0,0,11.940999984741211,0,1,0.9999679923057556,0.007685000076889992,0.002429000101983547,0,-0.007935999892652035,0.9915050268173218,0.12982800602912903,0,-0.001411000033840537,-0.12984299659729004,0.9915339946746826,0,0,13.433600425720215,0,1,0.9999619722366333,0.00837200041860342,0.0025969999842345715,0,-0.008585999719798565,0.9951549768447876,0.09793899953365326,0,-0.001765000051818788,-0.09795700013637543,0.9951890110969543,0,0,8.477299690246582,0.4431000053882599,1,0.2849059998989105,0.018765000626444817,-0.9583719968795776,0,0.8398450016975403,-0.4868209958076477,0.2401379942893982,0,-0.4620490074157715,-0.8733000159263611,-0.15445800125598907,0,5.225299835205078,11.903499603271484,-0.04659999907016754,1,0.9369339942932129,0.2999730110168457,-0.17936499416828156,0,-0.026398999616503716,0.5724660158157349,0.8195030093193054,0,0.3485090136528015,-0.7630850076675415,0.5442820191383362,0,0,10.833399772644043,0,1,0.9996259808540344,0.025736000388860703,0.009211000055074692,0,-0.02574099972844124,0.9996690154075623,0.00035799999022856355,0,-0.009197999723255634,-0.0005949999904260039,0.9999579787254333,0,0,25.510299682617188,0,1,0.8474029898643494,-0.08012700080871582,0.5248690247535706,0,0.0006169999833218753,0.9886950254440308,0.14993999898433685,0,-0.5309500098228455,-0.12673600018024445,0.8378720283508301,0,0,24.506200790405273,0,1,0.9193549752235413,0.3809939920902252,-0.09813600033521652,0,-0.32603099942207336,0.8773890137672424,0.3519839942455292,0,0.22020700573921204,-0.2916019856929779,0.9308469891548157,0,-2.9267001152038574,3.0195999145507812,1.2417999505996704,1,0.9455980062484741,-0.3009659945964813,-0.12354899942874908,0,0.27289900183677673,0.9405080080032349,-0.20241400599479675,0,0.17711800336837769,0.15768499672412872,0.9714750051498413,0,-0.6902999877929688,3.439199924468994,0,1,0.9731720089912415,0.20001700520515442,0.11370500177145004,0,-0.1620440036058426,0.9466909766197205,-0.27842000126838684,0,-0.163332998752594,0.2525259852409363,0.9537050127983093,0,0.15240000188350677,3.0773000717163086,0,1,0.992546021938324,0.1218700036406517,-0.0004569999873638153,0,-0.12103000283241272,0.9861289858818054,0.11358299851417542,0,0.014293000102043152,-0.11268100142478943,0.9935280084609985,0,-3.337100028991699,9.136300086975098,0.1177000030875206,1,0.9992460012435913,-0.038384001702070236,-0.005776999983936548,0,0.038359999656677246,0.9537519812583923,0.29813799262046814,0,-0.005932999774813652,-0.29813501238822937,0.9545050263404846,0,0.008999999612569809,3.075900077819824,0,1,0.999875009059906,-0.01577799953520298,-0.0013520000502467155,0,0.015812000259757042,0.9900739789009094,0.13965199887752533,0,-0.0008650000090710819,-0.13965600728988647,0.9901999831199646,0,-0.004900000058114529,2.8001999855041504,0,1,0.9983850121498108,0.05675499886274338,0.002429000101983547,0,-0.055535998195409775,0.9661650061607361,0.2518729865550995,0,0.011947999708354473,-0.2516019940376282,0.967756986618042,0,-0.9397000074386597,9.032699584960938,-0.17170000076293945,1,0.9992650151252747,-0.03790599852800369,-0.0057299998588860035,0,0.03788699954748154,0.9536150097846985,0.29863500595092773,0,-0.0058559998869895935,-0.29863300919532776,0.9543499946594238,0,0.008700000122189522,3.3073999881744385,0,1,0.999347984790802,-0.03556299954652786,-0.006238000001758337,0,0.035714998841285706,0.9483090043067932,0.31533199548721313,0,-0.005299000069499016,-0.3153490126132965,0.9489610195159912,0,-0.004699999932199717,3.1054000854492188,0,1,0.9992920160293579,0.037615999579429626,-0.00019999999494757503,0,-0.03527899831533432,0.9390140175819397,0.3420639932155609,0,0.013055000454187393,-0.3418149948120117,0.9396770000457764,0,1.11489999294281,9.02649974822998,-0.13850000500679016,1,0.999006986618042,-0.04383299872279167,-0.008019999600946903,0,0.04381300136446953,0.933372974395752,0.356224000453949,0,-0.00812899973243475,-0.3562209904193878,0.93436598777771,0,0.005400000140070915,2.7511000633239746,0,1,0.9993810057640076,-0.03468799963593483,-0.005801000166684389,0,0.03479800000786781,0.9513279795646667,0.306208997964859,0,-0.005102999974042177,-0.30622100830078125,0.9519469738006592,0,-0.0032999999821186066,2.789299964904785,0,1,0.9999409914016724,0.00031400000443682075,-0.010865000076591969,0,0.004463000223040581,0.8996130228042603,0.43666499853134155,0,0.009910999797284603,-0.43668699264526367,0.8995590209960938,0,3.161900043487549,8.505999565124512,0.05460000038146973,1,0.9993069767951965,-0.03680700063705444,-0.00559299997985363,0,0.03679800033569336,0.9537019729614258,0.2984920144081116,0,-0.005652000196278095,-0.2984910011291504,0.9543960094451904,0,0.002400000113993883,2.48009991645813,0,1,0.9994339942932129,-0.0332770012319088,-0.004999999888241291,0,0.03332899883389473,0.9583889842033386,0.28351399302482605,0,-0.0046430001966655254,-0.28352001309394836,0.9589549899101257,0,-0.00139999995008111,2.079900026321411,0,1,0.24758300185203552,-0.022639000788331032,0.9686020016670227,0,-0.8294249773025513,-0.5216590166091919,0.19981500506401062,0,0.5007569789886475,-0.8528540134429932,-0.14793099462985992,0,-5.225299835205078,11.903599739074707,-0.05130000039935112,1,0.8592740297317505,-0.3806900084018707,0.34164801239967346,0,0.014697999693453312,0.6860120296478271,0.7274420261383057,0,-0.5113049745559692,-0.6200500130653381,0.5950679779052734,0,0,10.833399772644043,0,1,0.9931430220603943,-0.11653000116348267,-0.009341999888420105,0,0.11654999852180481,0.9931830167770386,0.0016670000040903687,0,0.009084000252187252,-0.002744999947026372,0.9999549984931946,0,0,25.508899688720703,0,1,0.9461749792098999,0.11327700316905975,-0.30318400263786316,0,-0.07169699668884277,0.9868370294570923,0.14495399594306946,0,0.3156130015850067,-0.11541499942541122,0.9418429732322693,0,0,24.507200241088867,0,1,0.8899539709091187,-0.44919100403785706,0.07879599928855896,0,0.3929949998855591,0.8430330157279968,0.3672190010547638,0,-0.23137900233268738,-0.2958419919013977,0.9267910122871399,0,2.7197999954223633,2.723599910736084,1.186400055885315,1,0.9173330068588257,0.38268500566482544,0.10978399962186813,0,-0.3625510036945343,0.9169179797172546,-0.1667889952659607,0,-0.16449099779129028,0.11319900304079056,0.9798619747161865,0,0.5569000244140625,3.1737000942230225,0,1,0.9926559925079346,-0.04908299818634987,-0.11056700348854065,0,0.010865000076591969,0.9464660286903381,-0.3226200044155121,0,0.12048300355672836,0.31904900074005127,0.9400489926338196,0,-0.20649999380111694,3.249300003051758,0,1,0.9917060136795044,-0.1285099983215332,-0.0020649998914450407,0,0.12780800461769104,0.9843379855155945,0.12142100185155869,0,-0.013570999726653099,-0.12067800015211105,0.9925990104675293,0,3.283900022506714,9.167900085449219,0.012000000104308128,1,0.9996979832649231,0.024295000359416008,0.003739000065252185,0,-0.024299999698996544,0.9538940191268921,0.2991569936275482,0,0.0037010000087320805,-0.2991569936275482,0.9541969895362854,0,-0.0013000000035390258,3.0429000854492188,0,1,0.9999499917030334,0.009932000190019608,0.0007489999989047647,0,-0.009939000010490417,0.9900839924812317,0.14012600481510162,0,0.0006500000017695129,-0.14012600481510162,0.9901329874992371,0,0.0019000000320374966,2.8647000789642334,0,1,0.9975990056991577,-0.06924799829721451,0.0010819999733939767,0,0.06655099987983704,0.962831974029541,0.2617740035057068,0,-0.019169000908732414,-0.2610729932785034,0.965129017829895,0,0.9546999931335449,8.974800109863281,0.024900000542402267,1,0.999783992767334,0.02056100033223629,0.003169999923557043,0,-0.02056499943137169,0.9537829756736755,0.29979100823402405,0,0.0031399999279528856,-0.29979100823402405,0.9539999961853027,0,0.002400000113993883,3.1963999271392822,0,1,0.9997460246086121,0.022244999185204506,0.0035290000960230827,0,-0.022218000143766403,0.9483159780502319,0.3165479898452759,0,0.0036949999630451202,-0.3165459930896759,0.9485700130462646,0,-0.0006000000284984708,3.1865999698638916,0,1,0.9986510276794434,-0.05172500014305115,-0.004443999845534563,0,0.04997299984097481,0.9345620274543762,0.352275013923645,0,-0.01406800001859665,-0.3520219922065735,0.935886025428772,0,-1.1521999835968018,9.07759952545166,-0.23340000212192535,1,0.999625027179718,0.02694600075483322,0.004972999915480614,0,-0.02694300003349781,0.933559000492096,0.3574090003967285,0,0.004987999796867371,-0.3574090003967285,0.9339349865913391,0,0.0026000000070780516,2.8696000576019287,0,1,0.9996600151062012,0.025803999975323677,0.0038610000628978014,0,-0.025741999968886375,0.9512860178947449,0.307233989238739,0,0.004255000036209822,-0.30722901225090027,0.9516260027885437,0,-0.0027000000700354576,2.6958999633789062,0,1,0.9996640086174011,-0.022379999980330467,0.013100000098347664,0,0.014148999936878681,0.8940690159797668,0.4477050006389618,0,-0.021733000874519348,-0.4473690092563629,0.8940849900245667,0,-3.086400032043457,8.374699592590332,0.15379999577999115,1,0.9997869729995728,0.020416999235749245,0.003154000034555793,0,-0.020424000918865204,0.9538080096244812,0.2997229993343353,0,0.0031109999399632215,-0.2997229993343353,0.9540209770202637,0,0.0031999999191612005,2.5383999347686768,0,1,0.9997619986534119,0.021640999242663383,0.0029090000316500664,0,-0.021573999896645546,0.9583799839019775,0.28468000888824463,0,0.0033730000723153353,-0.2846750020980835,0.9586179852485657,0,-0.0019000000320374966,2.1456000804901123,0,1,-0.9507820010185242,-0.13603100180625916,0.27840501070022583,0,0.1818390041589737,-0.9724519848823547,0.1458510011434555,0,0.2508949935436249,0.18929700553417206,0.9493250250816345,0,8.899700164794922,-4.969699859619141,-0.7815999984741211,1,0.9974930286407471,0.0672679990530014,0.0219930000603199,0,-0.057840000838041306,0.9539340138435364,-0.29438701272010803,0,-0.040782999247312546,0.2923769950866699,0.9554330110549927,0,0,42.8650016784668,0,1,0.9981039762496948,-0.061298999935388565,-0.005617000162601471,0,0.03523100167512894,0.49404799938201904,0.8687199950218201,0,-0.05047700181603432,-0.8672710061073303,0.4952709972858429,0,0,42.83760070800781,0,1,0.9940630197525024,-0.004503999836742878,0.10871700197458267,0,-0.0651170015335083,0.7758479714393616,0.6275500059127808,0,-0.08717399835586548,-0.6309030055999756,0.7709490060806274,0,0,15.807000160217285,0,1,-0.9825760126113892,-0.04923500120639801,-0.1792220026254654,0,0.05015600100159645,-0.9987409710884094,-0.0006099999882280827,0,-0.17896699905395508,-0.009588999673724174,0.9838079810142517,0,-8.899700164794922,-4.969699859619141,-0.9538999795913696,1,0.9846460223197937,-0.06313800066709518,-0.16274599730968475,0,0.02889700047671795,0.9783899784088135,-0.20473900437355042,0,0.17215600609779358,0.19689199328422546,0.9651920199394226,0,0,42.86309814453125,0,1,0.9997910261154175,-0.008182000368833542,-0.018720999360084534,0,0.020424000918865204,0.42300501465797424,0.9058970212936401,0,0.0005070000188425183,-0.9060909748077393,0.42308300733566284,0,0,42.83420181274414,0,1,0.9940850138664246,0.006574000231921673,-0.10840599983930588,0,0.0667399987578392,0.7504739761352539,0.6575210094451904,0,0.08567799627780914,-0.6608669757843018,0.7455959916114807,0,0,15.84119987487793,0,1
K0.033,0.9939079880714417,-0.05724799633026123,0.09417599439620972,0,0.06299499422311783,0.9962549805641174,-0.05922999605536461,0,-0.09043299406766891,0.06480199843645096,0.9937919974327087,0,0.1086229756474495,99.45667266845703,0.8111051917076111,1,0.9985849857330322,0.04731300100684166,-0.024299999698996544,0,-0.04666399955749512,0.9985569715499878,0.026592999696731567,0,0.025522999465465546,-0.02542099915444851,0.9993510246276855,0,0,8.951199531555176,-0.2865999937057495,1,0.9996100068092346,0.027542002499103546,-0.004699000157415867,0,-0.027442002668976784,0.9994180202484131,0.020250000059604645,0,0.005253999959677458,-0.02011300064623356,0.999783992767334,0,0,10.448399543762207,0,1,0.9996060132980347,0.027613000944256783,-0.004997000098228455,0,-0.02750900201499462,0.9994249939918518,0.019805999472737312,0,0.005541000049561262,-0.01966099999845028,0.9997910261154175,0,0,11.940999984741211,0,1,0.9999679923057556,0.007686001714318991,0.0024260003119707108,0,-0.007936001755297184,0.9915609955787659,0.12939800322055817,0,-0.001411000033840537,-0.12941299378871918,0.9915900230407715,0,0,13.433600425720215,0,1,0.9999610185623169,0.008438002318143845,0.0026000002399086952,0,-0.008651002310216427,0.9951969981193542,0.09750499576330185,0,-0.001765000051818788,-0.097523994743824,0.9952319860458374,0,0,8.477299690246582,0.4431000053882599,1,0.2843259871006012,0.01874300092458725,-0.9585440158843994,0,0.8400220274925232,-0.48675501346588135,0.23965199291706085,0,-0.46208399534225464,-0.873337984085083,-0.15414200723171234,0,5.225299835205078,11.903499603271484,-0.04659999907016754,1,0.9364339709281921,0.3012239933013916,-0.17987500131130219,0,-0.026954006403684616,0.5729460120201111,0.8191499710083008,0,0.3498069941997528,-0.7622320055961609,0.5446450114250183,0,0,10.833399772644043,0,1,0.9996259808540344,0.025736000388860703,0.009211000055074692,0,-0.02574099972844124,0.9996690154075623,0.00035799999022856355,0,-0.009197999723255634,-0.0005949999904260039,0.9999579787254333,0,0,25.510299682617188,0,1,0.8474310040473938,-0.08039099723100662,0.5247830152511597,0,0.0006280001834966242,0.9886199831962585,0.15043200552463531,0,-0.53090500831604,-0.1271509975194931,0.8378379940986633,0,0,24.506200790405273,0,1,0.9193549752235413,0.3809939920902252,-0.09813600033521652,0,-0.32603099942207336,0.8773890137672424,0.3519839942455292,0,0.22020700573921204,-0.2916019856929779,0.9308469891548157,0,-2.9267001152038574,3.0195999145507812,1.2417999505996704,1,0.9455980062484741,-0.3009659945964813,-0.12354899942874908,0,0.27289900183677673,0.9405080080032349,-0.20241400599479675,0,0.17711800336837769,0.15768499672412872,0.9714750051498413,0,-0.6902999877929688,3.439199924468994,0,1,0.9731720089912415,0.20001700520515442,0.11370500177145004,0,-0.1620440036058426,0.9466909766197205,-0.27842000126838684,0,-0.163332000374794,0.2525259852409363,0.9537050127983093,0,0.15240000188350677,3.0773000717163086,0,1,0.9925450086593628,0.12187699973583221,-0.0006220022914931178,0,-0.1210160031914711,0.9861180186271667,0.11369699984788895,0,0.014471001923084259,-0.11277399957180023,0.9935150146484375,0,-3.337100028991699,9.136300086975098,0.1177000030875206,1,0.9992460012435913,-0.038384001702070236,-0.005778000224381685,0,0.038359999656677246,0.9537519812583923,0.29813799262046814,0,-0.005932999774813652,-0.29813501238822937,0.9545050263404846,0,0.008999999612569809,3.075900077819824,0,1,0.999875009059906,-0.01577799953520298,-0.0013520000502467155,0,0.015812000259757042,0.9900739789009094,0.13965199887752533,0,-0.0008650000090710819,-0.13965600728988647,0.9901999831199646,0,-0.004900000058114529,2.8001999855041504,0,1,0.9983770251274109,0.056894998997449875,0.0024660001508891582,0,-0.055681001394987106,0.9661530256271362,0.25189000368118286,0,0.01194899994879961,-0.25161799788475037,0.967752993106842,0,-0.9397000074386597,9.032699584960938,-0.17170000076293945,1,0.9992650151252747,-0.03790599852800369,-0.005729000084102154,0,0.03788699954748154,0.9536150097846985,0.29863500595092773,0,-0.0058570001274347305,-0.29863300919532776,0.9543499946594238,0,0.008700000122189522,3.3073999881744385,0,1,0.999347984790802,-0.03556400164961815,-0.006238000001758337,0,0.03571600094437599,0.9483090043067932,0.31533199548721313,0,-0.005299000069499016,-0.3153490126132965,0.9489610195159912,0,-0.004699999932199717,3.1054000854492188,0,1,0.9992939829826355,0.0375789999961853,-0.00020799969206564128,0,-0.03523699939250946,0.9389039874076843,0.34237098693847656,0,0.013061000034213066,-0.34212198853492737,0.9395650029182434,0,1.11489999294281,9.02649974822998,-0.13850000500679016,1,0.999006986618042,-0.0438230000436306,-0.00801599957048893,0,0.04380299896001816,0.9334059953689575,0.3561379909515381,0,-0.008124999701976776,-0.3561350107192993,0.9343990087509155,0,0.005400000140070915,2.7511000633239746,0,1,0.9993810057640076,-0.03468799963593483,-0.005801000166684389,0,0.03479800000786781,0.9513279795646667,0.306208997964859,0,-0.005102999974042177,-0.30622100830078125,0.9519469738006592,0,-0.0032999999821186066,2.789299964904785,0,1,0.9999409914016724,0.0003140021290164441,-0.010864999145269394,0,0.004462997894734144,0.8996130228042603,0.43666499853134155,0,0.00991200003772974,-0.43668800592422485,0.8995590209960938,0,3.161900043487549,8.505999565124512,0.05460000038146973,1,0.9993069767951965,-0.03680700063705444,-0.00559299997985363,0,0.03679800033569336,0.953702986240387,0.2984920144081116,0,-0.005652999971061945,-0.2984910011291504,0.9543960094451904,0,0.002400000113993883,2.48009991645813,0,1,0.9994339942932129,-0.0332770012319088,-0.004999999888241291,0,0.03332899883389473,0.9583889842033386,0.28351399302482605,0,-0.0046430001966655254,-0.28352001309394836,0.9589549899101257,0,-0.00139999995008111,2.079900026321411,0,1,0.24716900289058685,-0.022850999608635902,0.9687029719352722,0,-0.8297330141067505,-0.521323025226593,0.199412003159523,0,0.5004500150680542,-0.8530539870262146,-0.14781500399112701,0,-5.225299835205078,11.903599739074707,-0.05130000039935112,1,0.8590520024299622,-0.3810890018939972,0.3417609930038452,0,0.015229005366563797,0.6863800287246704,0.7270839810371399,0,-0.5116609930992126,-0.6193979978561401,0.5954399704933167,0,0,10.833399772644043,0,1,0.9931430220603943,-0.11653000116348267,-0.009341999888420105,0,0.11654999852180481,0.9931830167770386,0.0016680000117048621,0,0.009084000252187252,-0.002744999947026372,0.9999549984931946,0,0,25.508899688720703,0,1,0.9462429881095886,0.1132429987192154,-0.3029870092868805,0,-0.07169199734926224,0.986840009689331,0.14493900537490845,0,0.3154129981994629,-0.1154249981045723,0.9419090151786804,0,0,24.507200241088867,0,1,0.8898659944534302,-0.44937101006507874,0.07877100259065628,0,0.39316698908805847,0.842943012714386,0.3672429919242859,0,-0.23142799735069275,-0.2958259880542755,0.9267839789390564,0,2.7197999954223633,2.723599910736084,1.186400055885315,1,0.9173330068588257,0.38268500566482544,0.10978399962186813,0,-0.3625510036945343,0.9169179797172546,-0.16678999364376068,0,-0.16449099779129028,0.11319900304079056,0.9798619747161865,0,0.5569000244140625,3.1737000942230225,0,1,0.9926559925079346,-0.04908299818634987,-0.11056700348854065,0,0.010865000076591969,0.9464660286903381,-0.3226189911365509,0,0.12048300355672836,0.31904900074005127,0.9400489926338196,0,-0.20649999380111694,3.249300003051758,0,1,0.9917129874229431,-0.12845900654792786,-0.0021060009021312,0,0.12775300443172455,0.9842640161514282,0.12207800894975662,0,-0.013609000481665134,-0.12133600562810898,0.9925180077552795,0,3.283900022506714,9.167900085449219,0.012000000104308128,1,0.9996979832649231,0.02429400011897087,0.003739000065252185,0,-0.024299999698996544,0.9538940191268921,0.2991569936275482,0,0.0037010000087320805,-0.2991569936275482,0.9541969895362854,0,-0.0013000000035390258,3.0429000854492188,0,1,0.9999499917030334,0.009932000190019608,0.0007489999989047647,0,-0.009939000010490417,0.9900839924812317,0.14012600481510162,0,0.0006510000093840063,-0.1401270031929016,0.9901329874992371,0,0.0019000000320374966,2.8647000789642334,0,1,0.9975990056991577,-0.06924799829721451,0.0010819996241480112,0,0.06655099987983704,0.962831974029541,0.2617740035057068,0,-0.019169000908732414,-0.2610729932785034,0.965129017829895,0,0.9546999931335449,8.974800109863281,0.024900000542402267,1,0.999783992767334,0.020546000450849533,0.0031649998854845762,0,-0.02055099979043007,0.9538469910621643,0.29958900809288025,0,0.003135999897494912,-0.29958900809288025,0.9540629982948303,0,0.002400000113993883,3.1963999271392822,0,1,0.9997469782829285,0.02222999930381775,0.003524000057950616,0,-0.022203000262379646,0.9483839869499207,0.31634700298309326,0,0.0036909999325871468,-0.3163450062274933,0.9486370086669922,0,-0.0006000000284984708,3.1865999698638916,0,1,0.9986410140991211,-0.051920998841524124,-0.004526000004261732,0,0.050179000943899155,0.9343720078468323,0.35274800658226013,0,-0.014085999689996243,-0.352495014667511,0.9357079863548279,0,-1.1521999835968018,9.07759952545166,-0.23340000212192535,1,0.9996230006217957,0.02699200063943863,0.004989999812096357,0,-0.026988999918103218,0.9333419799804688,0.35797300934791565,0,0.0050050001591444016,-0.35797300934791565,0.9337189793586731,0,0.0026000000070780516,2.8696000576019287,0,1,0.9996579885482788,0.025849999859929085,0.0038759999442845583,0,-0.025787999853491783,0.9510989785194397,0.30780598521232605,0,0.004269999917596579,-0.3078010082244873,0.9514409899711609,0,-0.0027000000700354576,2.6958999633789062,0,1,0.9996669888496399,-0.022140996530652046,0.013225002214312553,0,0.013870996423065662,0.8939059972763062,0.4480400085449219,0,-0.021741999313235283,-0.44770699739456177,0.8939160108566284,0,-3.086400032043457,8.374699592590332,0.15379999577999115,1,0.9997850060462952,0.020502999424934387,0.003179999766871333,0,-0.020509999245405197,0.9534469842910767,0.30086201429367065,0,0.0031359996646642685,-0.30086299777030945,0.9536619782447815,0,0.0031999999191612005,2.5383999347686768,0,1,0.9997599720954895,0.021726999431848526,0.0029339997563511133,0,-0.02165899984538555,0.9580370187759399,0.2858250141143799,0,0.0033989998046308756,-0.28582000732421875,0.9582769870758057,0,-0.0019000000320374966,2.1456000804901123,0,1,-0.9509279727935791,-0.13557399809360504,0.2781270146369934,0,0.1813720017671585,-0.9725059866905212,0.1460690051317215,0,0.25067800283432007,0.18934600055217743,0.9493730068206787,0,8.899700164794922,-4.969699859619141,-0.7815999984741211,1,0.9974949955940247,0.06725999712944031,0.02192799560725689,0,-0.057847000658512115,0.9539059996604919,-0.29447799921035767,0,-0.040723998099565506,0.2924720048904419,0.9554070234298706,0,0,42.8650016784668,0,1,0.9981250166893005,-0.06095400080084801,-0.005590000189840794,0,0.035034000873565674,0.49401798844337463,0.8687459826469421,0,-0.05019199848175049,-0.8673120141029358,0.49522700905799866,0,0,42.83760070800781,0,1,0.9940630197525024,-0.004503999836742878,0.10871700197458267,0,-0.0651170015335083,0.7758479714393616,0.6275500059127808,0,-0.08717399835586548,-0.6309030055999756,0.7709490060806274,0,0,15.807000160217285,0,1,-0.9825929999351501,-0.048823997378349304,-0.17923900485038757,0,0.04961299151182175,-0.9987679719924927,0.00007900668424554169,0,-0.17902299761772156,-0.008814992383122444,0.9838050007820129,0,-8.899700164794922,-4.969699859619141,-0.9538999795913696,1,0.9845209717750549,-0.06339900195598602,-0.16339699923992157,0,0.02882000058889389,0.9781529903411865,-0.20587801933288574,0,0.17287899553775787,0.19798201322555542,0.9648399949073792,0,0,42.86309814453125,0,1,0.9997929930686951,-0.007939997129142284,-0.018717000260949135,0,0.020318998023867607,0.4223349988460541,0.9062119722366333,0,0.0007090026047080755,-0.906404972076416,0.4224089980125427,0,0,42.83420181274414,0,1,0.9940850138664246,0.006574000231921673,-0.10840599983930588,0,0.0667399987578392,0.7504739761352539,0.6575210094451904,0,0.08567799627780914,-0.6608669757843018,0.7455959916114807,0,0,15.84119987487793,0,1
