4.100,30,122,65
B0,mixamorig2_Hips,-1,0.9730857610702515,-0.07471591979265213,0.2179965078830719,0,0.0868929997086525,0.9951172471046448,-0.046806592494249344,0,-0.2134350836277008,0.06448883563280106,0.9748267531394958,0,-0.45519742369651794,99.39273834228516,0.4556451737880707,1
B1,mixamorig2_Spine,0,0.9987890124320984,0.045490164309740067,-0.018756777048110962,0,-0.04503624513745308,0.9986971616744995,0.02398044988512993,0,0.019823448732495308,-0.0231065321713686,0.9995361566543579,0,0,8.951199531555176,-0.2865999937057495,1
B2,mixamorig2_Spine1,1,0.999657928943634,0.025548284873366356,0.005572938360273838,0,-0.025635285302996635,0.9995410442352295,0.01613585837185383,0,-0.005158101674169302,-0.016273019835352898,0.9998542070388794,0,0,10.448399543762207,0,1
B3,mixamorig2_Spine2,2,0.999657928943634,0.02559720352292061,0.005322938319295645,0,-0.025678204372525215,0.9995460510253906,0.01575685851275921,0,-0.0049171834252774715,-0.015888020396232605,0.9998620748519897,0,0,11.940999984741211,0,1
B4,mixamorig2_Neck,3,0.9970046877861023,-0.051379814743995667,0.05781020224094391,0,0.044806528836488724,0.9929473996162415,0.10976347327232361,0,-0.06304177641868591,-0.1068439781665802,0.9922753572463989,0,0,13.433600425720215,0,1
B5,mixamorig2_Head,4,0.9970065951347351,-0.04881081357598305,0.059966325759887695,0,0.044087283313274384,0.9960008263587952,0.07771538943052292,0,-0.06351957470178604,-0.07483873516321182,0.9951705932617188,0,0,8.477299690246582,0.4431000053882599,1
B6,mixamorig2_HeadTop_End,5,1,0,0,0,0,1,0,0,0,0,1,0,0,21.306800842285156,1.1136000156402588,1
B7,mixamorig2_LeftShoulder,3,0.27074071764945984,0.019181448966264725,-0.962460994720459,0,0.8449000120162964,-0.48388829827308655,0.22802729904651642,0,-0.46134957671165466,-0.8749197125434875,-0.14721469581127167,0,5.225299835205078,11.903499603271484,-0.04659999907016754,1
B8,mixamorig2_LeftArm,7,0.9488362073898315,0.2370888888835907,-0.2085629105567932,0,0.01706257462501526,0.6210319995880127,0.7835991382598877,0,0.31530651450157166,-0.7470657825469971,0.585212767124176,0,0,10.833399772644043,0,1
B9,mixamorig2_LeftForeArm,8,0.9979242086410522,0.06372732669115067,0.009234081953763962,0,-0.06373832374811172,0.9979661107063293,0.0008856530184857547,0,-0.00915891770273447,-0.0014729795511811972,0.9999570250511169,0,0,25.510299682617188,0,1
B10,mixamorig2_LeftHand,9,0.8263005614280701,-0.13322101533412933,0.5472469925880432,0,0.02699878066778183,0.9798753261566162,0.19777421653270721,0,-0.5625815987586975,-0.14864613115787506,0.8132686614990234,0,0,24.506200790405273,0,1
B11,mixamorig2_LeftHandThumb1,10,0.9154942631721497,0.3915746510028839,-0.09240655601024628,0,-0.3380603790283203,0.8732141256332397,0.3510158360004425,0,0.21813911199569702,-0.2901141345500946,0.9317983388900757,0,-2.9267001152038574,3.0195999145507812,1.2417999505996704,1
B12,mixamorig2_LeftHandThumb2,11,0.9478501677513123,-0.29351919889450073,-0.12420669943094254,0,0.2649872899055481,0.9422950744628906,-0.2046012282371521,0,0.1770934760570526,0.16101796925067902,0.9709332585334778,0,-0.6902999877929688,3.439199924468994,0,1
B13,mixamorig2_LeftHandThumb3,12,0.9729229807853699,0.2015501707792282,0.11313384026288986,0,-0.1636226773262024,0.9463174343109131,-0.278767853975296,0,-0.16324640810489655,0.25270822644233704,0.9536709189414978,0,0.15240000188350677,3.0773000717163086,0,1
B14,mixamorig2_LeftHandThumb4,13,1,0,0,0,0,1,0,0,0,0,1,0,0.5378000140190125,2.210599899291992,0,1
B15,mixamorig2_LeftHandIndex1,10,0.9926546216011047,0.12097969651222229,-0.0008212270913645625,0,-0.12006805837154388,0.9859563112258911,0.116067074239254,0,0.014852039515972137,-0.1151154562830925,0.9932398796081543,0,-3.337100028991699,9.136300086975098,0.1177000030875206,1
B16,mixamorig2_LeftHandIndex2,15,0.9992599487304688,-0.038047775626182556,-0.005667816381901503,0,0.03802477568387985,0.9546912908554077,0.2951604127883911,0,-0.005819897633045912,-0.29515740275382996,0.9554314017295837,0,0.008999999612569809,3.075900077819824,0,1
B17,mixamorig2_LeftHandIndex3,16,0.9998800158500671,-0.015427938662469387,-0.0012974897399544716,0,0.015460938215255737,0.990511417388916,0.13656139373779297,0,-0.0008213265100494027,-0.13656529784202576,0.9906305074691772,0,-0.004900000058114529,2.8001999855041504,0,1
B18,mixamorig2_LeftHandIndex4,17,1,0,0,0,0,1,0,0,0,0,1,0,-0.00419999985024333,2.44569993019104,0,1
B19,mixamorig2_LeftHandMiddle1,10,0.9989937543869019,0.044840194284915924,-0.0002595541882328689,0,-0.04302385076880455,0.9601259827613831,0.2762344777584076,0,0.012636101804673672,-0.27594539523124695,0.9610893726348877,0,-0.9397000074386597,9.032699584960938,-0.17170000076293945,1
B20,mixamorig2_LeftHandMiddle2,19,0.999258816242218,-0.038056083023548126,-0.005778387654572725,0,0.038036081939935684,0.9531915187835693,0.29996490478515625,0,-0.005907387472689152,-0.29996201395988464,0.9539327025413513,0,0.008700000122189522,3.3073999881744385,0,1
B21,mixamorig2_LeftHandMiddle3,20,0.9993419647216797,-0.035715918987989426,-0.006291306111961603,0,0.03586900234222412,0.9478532671928406,0.3166827857494354,0,-0.005347306374460459,-0.3166997730731964,0.9485104084014893,0,-0.004699999932199717,3.1054000854492188,0,1
B22,mixamorig2_LeftHandMiddle4,21,1,0,0,0,0,1,0,0,0,0,1,0,-0.0038999998942017555,2.734100103378296,0,1
B23,mixamorig2_LeftHandRing1,10,0.9989264607429504,0.04616593196988106,0.0037159661296755075,0,-0.044298239052295685,0.9289054870605469,0.3676551282405853,0,0.013522408902645111,-0.36742541193962097,0.9299545288085938,0,1.11489999294281,9.02649974822998,-0.13850000500679016,1
B24,mixamorig2_LeftHandRing2,23,0.9987353086471558,-0.049206651747226715,-0.010295470245182514,0,0.04917573556303978,0.9137054085731506,0.403391033411026,0,-0.010442306287586689,-0.40338703989982605,0.9149692058563232,0,0.005400000140070915,2.7511000633239746,0,1
B25,mixamorig2_LeftHandRing3,24,0.9991759657859802,-0.03986583650112152,-0.0076507763005793095,0,0.04000875726342201,0.9353022575378418,0.351579487323761,0,-0.006860184483230114,-0.3515964448451996,0.9361262917518616,0,-0.0032999999821186066,2.789299964904785,0,1
B26,mixamorig2_LeftHandRing4,25,1,0,0,0,0,1,0,0,0,0,1,0,-0.002099999925121665,2.3826000690460205,0,1
B27,mixamorig2_LeftHandPinky1,10,0.9998136162757874,0.01858079992234707,0.005165882874280214,0,-0.018937822431325912,0.895252525806427,0.4451562464237213,0,0.0036467527970671654,-0.44517114758491516,0.895438015460968,0,3.161900043487549,8.505999565124512,0.05460000038146973,1
B28,mixamorig2_LeftHandPinky2,27,0.9994382858276367,-0.03321142867207527,-0.004507550969719887,0,0.03320442885160446,0.9628615379333496,0.2679452896118164,0,-0.004558551125228405,-0.2679442763328552,0.9634232521057129,0,0.002400000113993883,2.48009991645813,0,1
B29,mixamorig2_LeftHandPinky3,28,0.9995522499084473,-0.029663430526852608,-0.003975714556872845,0,0.029704347252845764,0.9670553803443909,0.25282785296440125,0,-0.0036557959392666817,-0.2528328597545624,0.9675030708312988,0,-0.00139999995008111,2.079900026321411,0,1
B30,mixamorig2_LeftHandPinky4,29,1,0,0,0,0,1,0,0,0,0,1,0,-0.0010000000474974513,1.8425999879837036,0,1
B31,mixamorig2_RightShoulder,3,0.2320270985364914,-0.02970481477677822,0.9722557067871094,0,-0.8531254529953003,-0.4863699674606323,0.18873688578605652,0,0.46726980805397034,-0.8732479214668274,-0.13819262385368347,0,-5.225299835205078,11.903599739074707,-0.05130000039935112,1
B32,mixamorig2_RightArm,31,0.8571680188179016,-0.34762126207351685,0.380028635263443,0,-0.0032655473332852125,0.7341850996017456,0.6789423227310181,0,-0.5150257349014282,-0.5832090377807617,0.6281845569610596,0,0,10.833399772644043,0,1
B33,mixamorig2_RightForeArm,32,0.9879463911056519,-0.15450797975063324,-0.009416918270289898,0,0.1545349806547165,0.9879843592643738,0.0022107551340013742,0,0.008961999788880348,-0.003639591857790947,0.9999529719352722,0,0,25.508899688720703,0,1
B34,mixamorig2_RightHand,33,0.9428677558898926,0.14176617562770844,-0.3015000522136688,0,-0.09210162609815598,0.9805963635444641,0.1730564385652542,0,0.3201834261417389,-0.13540023565292358,0.9376296997070312,0,0,24.507200241088867,0,1
B35,mixamorig2_RightHandThumb1,34,0.8961124420166016,-0.43430301547050476,0.09145443141460419,0,0.3772335946559906,0.8538722991943359,0.3586035966873169,0,-0.2338331639766693,-0.2868497967720032,0.9289991855621338,0,2.7197999954223633,2.723599910736084,1.186400055885315,1
B36,mixamorig2_RightHandThumb2,35,0.9284214377403259,0.3554832339286804,0.10800838470458984,0,-0.334955632686615,0.9266541004180908,-0.17063553631305695,0,-0.1607440561056137,0.12224281579256058,0.9793967008590698,0,0.5569000244140625,3.1737000942230225,0,1
B37,mixamorig2_RightHandThumb3,36,0.991993248462677,-0.06469210237264633,-0.10846120864152908,0,0.026082249358296394,0.945264995098114,-0.3252588212490082,0,0.12356618791818619,0.3198262155056,0.9393841624259949,0,-0.20649999380111694,3.249300003051758,0,1
B38,mixamorig2_RightHandThumb4,37,1,0,0,0,0,1,0,0,0,0,1,0,-0.35040000081062317,2.8046998977661133,0,1
B39,mixamorig2_RightHandIndex1,34,0.9931337237358093,-0.11687365174293518,0.004988028667867184,0,0.11625289916992188,0.9908033609390259,0.06921742111444473,0,-0.013034083880484104,-0.06816224753856659,0.9975878000259399,0,3.283900022506714,9.167900085449219,0.012000000104308128,1
B40,mixamorig2_RightHandIndex2,39,0.9997006058692932,0.024170121178030968,0.0036988770589232445,0,-0.024175122380256653,0.9544012546539307,0.2975459396839142,0,0.003661713795736432,-0.2975468635559082,0.9546998143196106,0,-0.0013000000035390258,3.0429000854492188,0,1
B41,mixamorig2_RightHandIndex3,40,0.9999518394470215,0.009786263108253479,0.0007286120089702308,0,-0.009793263860046864,0.9903479218482971,0.13825656473636627,0,0.0006315304199233651,-0.13825656473636627,0.9903960824012756,0,0.0019000000320374966,2.8647000789642334,0,1
B42,mixamorig2_RightHandIndex4,41,1,0,0,0,0,1,0,0,0,0,1,0,-0.000699999975040555,2.432300090789795,0,1
B43,mixamorig2_RightHandMiddle1,34,0.9989358186721802,-0.04549110308289528,0.007488638628274202,0,0.042141444981098175,0.9668371677398682,0.2518922984600067,0,-0.018699204549193382,-0.25130853056907654,0.9677262902259827,0,0.9546999931335449,8.974800109863281,0.024900000542402267,1
B44,mixamorig2_RightHandMiddle2,43,0.9997711777687073,0.021147634834051132,0.0033556532580405474,0,-0.021152634173631668,0.9511618614196777,0.30796653032302856,0,0.0033208164386451244,-0.30796751379966736,0.9513906836509705,0,0.002400000113993883,3.1963999271392822,0,1
B45,mixamorig2_RightHandMiddle3,44,0.999732255935669,0.02281779609620571,0.00371665321290493,0,-0.022788796573877335,0.9456018805503845,0.3245268166065216,0,0.003890490159392357,-0.32452481985092163,0.945868730545044,0,-0.0006000000284984708,3.1865999698638916,0,1
B46,mixamorig2_RightHandMiddle4,45,1,0,0,0,0,1,0,0,0,0,1,0,-0.0017999999690800905,2.7548999786376953,0,1
B47,mixamorig2_RightHandRing1,34,0.9975237250328064,-0.0689811185002327,-0.013670298270881176,0,0.06839269399642944,0.9064061641693115,0.41682183742523193,0,-0.016364634037017822,-0.41672515869140625,0.9088802933692932,0,-1.1521999835968018,9.07759952545166,-0.23340000212192535,1
B48,mixamorig2_RightHandRing2,47,0.9991894364356995,0.038861338049173355,0.01051121111959219,0,-0.038853418081998825,0.8625355958938599,0.5044524073600769,0,0.010541047900915146,-0.5044524073600769,0.8633469939231873,0,0.0026000000070780516,2.8696000576019287,0,1
B49,mixamorig2_RightHandRing3,48,0.9992421865463257,0.03789680823683739,0.008896579034626484,0,-0.03776778653264046,0.8884755373001099,0.45731374621391296,0,0.00943086389452219,-0.45730283856391907,0.8892333507537842,0,-0.0027000000700354576,2.6958999633789062,0,1
B50,mixamorig2_RightHandRing4,49,1,0,0,0,0,1,0,0,0,0,1,0,0.00009999999747378752,2.287400007247925,0,1
B51,mixamorig2_RightHandPinky1,34,0.9997450113296509,0.008232466876506805,0.02101837284862995,0,-0.017532305791974068,0.8696801662445068,0.49330127239227295,0,-0.014217506162822247,-0.4935447573661804,0.8696033954620361,0,-3.086400032043457,8.374699592590332,0.15379999577999115,1
B52,mixamorig2_RightHandPinky2,51,0.9996220469474792,0.02693014219403267,0.005448857322335243,0,-0.026945142075419426,0.9220977425575256,0.38601845502853394,0,0.005370857194066048,-0.38601943850517273,0.92247474193573,0,0.0031999999191612005,2.5383999347686768,0,1
B53,mixamorig2_RightHandPinky3,52,0.9995900392532349,0.028183143585920334,0.005119857378304005,0,-0.028068142011761665,0.9280232191085815,0.37146320939064026,0,0.005717857275158167,-0.3714542090892792,0.9284331798553467,0,-0.0019000000320374966,2.1456000804901123,0,1
B54,mixamorig2_RightHandPinky4,53,1,0,0,0,0,1,0,0,0,0,1,0,-0.0013000000035390258,1.9493999481201172,0,1
B55,mixamorig2_LeftUpLeg,0,-0.9407201409339905,-0.18161191046237946,0.28646478056907654,0,0.2252371907234192,-0.9659574627876282,0.12726019322872162,0,0.2536003291606903,0.1842384934425354,0.9496009349822998,0,8.899700164794922,-4.969699859619141,-0.7815999984741211,1
B56,mixamorig2_LeftLeg,55,0.9876343607902527,0.08237630873918533,0.13338683545589447,0,-0.03718659281730652,0.9496393203735352,-0.31113073229789734,0,-0.15229858458042145,0.30232271552085876,0.9409605860710144,0,0,42.8650016784668,0,1
B57,mixamorig2_LeftFoot,56,0.9970632791519165,-0.07609263062477112,-0.008690815418958664,0,0.044461388140916824,0.4826826751232147,0.8746659159660339,0,-0.062360916286706924,-0.8724833726882935,0.4846481382846832,0,0,42.83760070800781,0,1
B58,mixamorig2_LeftToeBase,57,0.9940639138221741,-0.004481081385165453,0.10870900005102158,0,-0.06509116291999817,0.7761268615722656,0.6272075176239014,0,-0.08718200027942657,-0.6305605173110962,0.7712278962135315,0,0,15.807000160217285,0,1
B59,mixamorig2_LeftToe_End,58,1,0,0,0,0,1,0,0,0,0,1,0,0,6.435299873352051,0,1
B60,mixamorig2_RightUpLeg,0,-0.9827371835708618,-0.06300120800733566,-0.17394980788230896,0,0.059940796345472336,-0.9979413151741028,0.022795794531702995,0,-0.1750275194644928,0.011975223198533058,0.9844909310340881,0,-8.899700164794922,-4.969699859619141,-0.9538999795913696,1
B61,mixamorig2_RightLeg,60,0.9865403175354004,-0.048534512519836426,-0.15615014731884003,0,0.013290021568536758,0.9755746722221375,-0.21926483511924744,0,0.16297832131385803,0.21423782408237457,0.9630886316299438,0,0,42.86309814453125,0,1
B62,mixamorig2_RightFoot,61,0.9962143301963806,-0.019798429682850838,0.08464573323726654,0,-0.06821083277463913,0.4255952537059784,0.9023393392562866,0,-0.053889550268650055,-0.9046968817710876,0.4226337969303131,0,0,42.83420181274414,0,1
B63,mixamorig2_RightToeBase,62,0.9940669536590576,0.007045897655189037,-0.10854524374008179,0,0.06724497675895691,0.7445588707923889,0.6641613841056824,0,0.08549758791923523,-0.6675204038619995,0.7396668791770935,0,0,15.84119987487793,0,1
B64,mixamorig2_RightToe_End,63,1,0,0,0,0,1,0,0,0,0,1,0,0,6.527900218963623,0,1
@52,0,1,2,3,4,5,7,8,9,10,11,12,13,15,16,17,19,20,21,23,24,25,27,28,29,31,32,33,34,35,36,37,39,40,41,43,44,45,47,48,49,51,52,53,55,56,57,58,60,61,62,63
K0.000,0.9938240051269531,-0.05771699920296669,0.09477800130844116,0,0.06353600323200226,0.9962000250816345,-0.059578001499176025,0,-0.09097900241613388,0.06523200124502182,0.9937139749526978,0,0.11159499734640121,99.45918273925781,0.7991989850997925,1,0.9985849857330322,0.04737300053238869,-0.024149000644683838,0,-0.04672599956393242,0.9985510110855103,0.02667899988591671,0,0.025377999991178513,-0.025513000786304474,0.999351978302002,0,0,8.951199531555176,-0.2865999937057495,1,0.9996129870414734,0.027434000745415688,-0.0045380000956356525,0,-0.027338000014424324,0.9994249939918518,0.020051000639796257,0,0.0050849998369812965,-0.019920000806450844,0.9997889995574951,0,0,10.448399543762207,0,1,0.9996110200881958,0.027490999549627304,-0.004778000060468912,0,-0.02739199995994568,0.9994320273399353,0.019644999876618385,0,0.00531500019133091,-0.019507000222802162,0.9997959733009338,0,0,11.940999984741211,0,1,0.9999679923057556,0.007639999967068434,0.002391000045463443,0,-0.007885999977588654,0.9914979934692383,0.1298850029706955,0,-0.0013780000153928995,-0.12989899516105652,0.9915260076522827,0,0,13.433600425720215,0,1,0.9999619722366333,0.008364999666810036,0.0025760000571608543,0,-0.008577000349760056,0.9951549768447876,0.0979439988732338,0,-0.001744000008329749,-0.09796199947595596,0.9951890110969543,0,0,8.477299690246582,0.4431000053882599,1,0.28490200638771057,0.018742000684142113,-0.9583730101585388,0,0.8398460149765015,-0.4868150055408478,0.24014699459075928,0,-0.4620490074157715,-0.873304009437561,-0.15443499386310577,0,5.225299835205078,11.903499603271484,-0.04659999907016754,1,0.9370020031929016,0.2998340129852295,-0.17924000322818756,0,-0.026402000337839127,0.5724239945411682,0.8195329904556274,0,0.3483250141143799,-0.7631710171699524,0.5442789793014526,0,0,10.833399772644043,0,1,0.9996330142021179,0.025460999459028244,0.009211000055074692,0,-0.025465000420808792,0.999675989151001,0.0003539999888744205,0,-0.009198999963700771,-0.0005879999953322113,0.9999579787254333,0,0,25.510299682617188,0,1,0.8474029898643494,-0.08009299635887146,0.5248749852180481,0,0.0005740000051446259,0.9886950254440308,0.14994099736213684,0,-0.5309500098228455,-0.12675899267196655,0.8378689885139465,0,0,24.506200790405273,0,1,0.9193400144577026,0.3809950053691864,-0.09826599806547165,0,-0.3259719908237457,0.8773769736289978,0.3520689904689789,0,0.22035300731658936,-0.2916390001773834,0.9308009743690491,0,-2.9267001152038574,3.0195999145507812,1.2417999505996704,1,0.9455940127372742,-0.30097100138664246,-0.1235629990696907,0,0.27290698885917664,0.9405109882354736,-0.2023880034685135,0,0.1771250069141388,0.1576559990644455,0.9714789986610413,0,-0.6902999877929688,3.439199924468994,0,1,0.9731540083885193,0.20010800659656525,0.1137010008096695,0,-0.16211800277233124,0.9466530084609985,-0.2785069942474365,0,-0.16336700320243835,0.25259700417518616,0.9536799788475037,0,0.15240000188350677,3.0773000717163086,0,1,0.9925619959831238,0.12174200266599655,-0.0004729999927803874,0,-0.12090100347995758,0.9861469864845276,0.11356800049543381,0,0.014291999861598015,-0.11266600340604782,0.9935299754142761,0,-3.337100028991699,9.136300086975098,0.1177000030875206,1,0.9992460012435913,-0.038384001702070236,-0.005778000224381685,0,0.038359999656677246,0.9537519812583923,0.29813799262046814,0,-0.005932999774813652,-0.29813501238822937,0.9545050263404846,0,0.008999999612569809,3.075900077819824,0,1,0.999875009059906,-0.01577799953520298,-0.0013520000502467155,0,0.015812000259757042,0.9900739789009094,0.13965199887752533,0,-0.0008650000090710819,-0.13965600728988647,0.9901999831199646,0,-0.004900000058114529,2.8001999855041504,0,1,0.9983850121498108,0.05675499886274338,0.002429000101983547,0,-0.055535998195409775,0.9661650061607361,0.2518729865550995,0,0.011947999708354473,-0.2516019940376282,0.967756986618042,0,-0.9397000074386597,9.032699584960938,-0.17170000076293945,1,0.9992650151252747,-0.03790599852800369,-0.005729000084102154,0,0.03788699954748154,0.9536150097846985,0.29863598942756653,0,-0.0058559998869895935,-0.29863300919532776,0.9543499946594238,0,0.008700000122189522,3.3073999881744385,0,1,0.999347984790802,-0.03556400164961815,-0.006238000001758337,0,0.03571600094437599,0.9483090043067932,0.31533199548721313,0,-0.005299000069499016,-0.3153499960899353,0.9489610195159912,0,-0.004699999932199717,3.1054000854492188,0,1,0.9992920160293579,0.037615999579429626,-0.0002010000025620684,0,-0.03527899831533432,0.9390140175819397,0.3420630097389221,0,0.013055999763309956,-0.3418140113353729,0.9396770000457764,0,1.11489999294281,9.02649974822998,-0.13850000500679016,1,0.999006986618042,-0.043832000344991684,-0.008019999600946903,0,0.04381199926137924,0.933372974395752,0.356224000453949,0,-0.00812899973243475,-0.356222003698349,0.93436598777771,0,0.005400000140070915,2.7511000633239746,0,1,0.9993810057640076,-0.034690000116825104,-0.005801999941468239,0,0.03480000048875809,0.9513229727745056,0.30622598528862,0,-0.005104000214487314,-0.30623799562454224,0.9519410133361816,0,-0.0032999999821186066,2.789299964904785,0,1,0.9999399781227112,0.0003659999929368496,-0.010974000208079815,0,0.004463000223040581,0.8996139764785767,0.4366630017757416,0,0.01003200002014637,-0.4366860091686249,0.8995580077171326,0,3.161900043487549,8.505999565124512,0.05460000038146973,1,0.9993069767951965,-0.03680700063705444,-0.00559299997985363,0,0.03679800033569336,0.953702986240387,0.2984920144081116,0,-0.005652999971061945,-0.2984910011291504,0.9543960094451904,0,0.002400000113993883,2.48009991645813,0,1,0.9994339942932129,-0.0332770012319088,-0.004999999888241291,0,0.03332899883389473,0.9583889842033386,0.28351399302482605,0,-0.0046430001966655254,-0.28352001309394836,0.9589549899101257,0,-0.00139999995008111,2.079900026321411,0,1,0.24765700101852417,-0.022926000878214836,0.9685760140419006,0,-0.8293949961662292,-0.5217429995536804,0.19971999526023865,0,0.5007690191268921,-0.8527950048446655,-0.1482280045747757,0,-5.225299835205078,11.903599739074707,-0.05130000039935112,1,0.8592740297317505,-0.3806900084018707,0.34164801239967346,0,0.014697999693453312,0.6860120296478271,0.7274420261383057,0,-0.5113049745559692,-0.6200500130653381,0.5950679779052734,0,0,10.833399772644043,0,1,0.9931430220603943,-0.11653000116348267,-0.009341999888420105,0,0.11654999852180481,0.9931830167770386,0.0016680000117048621,0,0.009084000252187252,-0.002744999947026372,0.9999549984931946,0,0,25.508899688720703,0,1,0.9461730122566223,0.11336000263690948,-0.30316001176834106,0,-0.07173299789428711,0.9868109822273254,0.14511600136756897,0,0.31561198830604553,-0.11555799841880798,0.9418259859085083,0,0,24.507200241088867,0,1,0.8899710178375244,-0.44918298721313477,0.07865700125694275,0,0.3930410146713257,0.8430320024490356,0.3671720027923584,0,-0.23123799264431,-0.2958570122718811,0.9268209934234619,0,2.7197999954223633,2.723599910736084,1.186400055885315,1,0.9172970056533813,0.382750004529953,0.10985899716615677,0,-0.36256200075149536,0.9168639779090881,-0.16705800592899323,0,-0.16466699540615082,0.11341100186109543,0.9798070192337036,0,0.5569000244140625,3.1737000942230225,0,1,0.9926530122756958,-0.049237001687288284,-0.11052700132131577,0,0.0110470000654459,0.9465259909629822,-0.3224389851093292,0,0.12049300223588943,0.31884899735450745,0.9401149749755859,0,-0.20649999380111694,3.249300003051758,0,1,0.9917050004005432,-0.12852199375629425,-0.001961000030860305,0,0.12780800461769104,0.9843369722366333,0.12142899632453918,0,-0.013675999827682972,-0.12067200243473053,0.9925979971885681,0,3.283900022506714,9.167900085449219,0.012000000104308128,1,0.9996979832649231,0.024295000359416008,0.003739000065252185,0,-0.024299999698996544,0.9538940191268921,0.2991569936275482,0,0.0037010000087320805,-0.2991580069065094,0.9541969895362854,0,-0.0013000000035390258,3.0429000854492188,0,1,0.9999499917030334,0.009932000190019608,0.0007489999989047647,0,-0.009939000010490417,0.9900839924812317,0.14012600481510162,0,0.0006500000017695129,-0.1401270031929016,0.9901329874992371,0,0.0019000000320374966,2.8647000789642334,0,1,0.9975990056991577,-0.06924799829721451,0.0010819999733939767,0,0.06655099987983704,0.962831974029541,0.2617740035057068,0,-0.019169000908732414,-0.2610740065574646,0.9651280045509338,0,0.9546999931335449,8.974800109863281,0.024900000542402267,1,0.999783992767334,0.02056100033223629,0.003169999923557043,0,-0.02056499943137169,0.9537839889526367,0.29978999495506287,0,0.0031399999279528856,-0.29978999495506287,0.9539999961853027,0,0.002400000113993883,3.1963999271392822,0,1,0.9997460246086121,0.022244999185204506,0.0035280000884085894,0,-0.022218000143766403,0.9483159780502319,0.3165479898452759,0,0.0036949999630451202,-0.3165459930896759,0.9485700130462646,0,-0.0006000000284984708,3.1865999698638916,0,1,0.9986510276794434,-0.05172500014305115,-0.004443999845534563,0,0.04997299984097481,0.9345620274543762,0.352275013923645,0,-0.01406800001859665,-0.3520219922065735,0.935886025428772,0,-1.1521999835968018,9.07759952545166,-0.23340000212192535,1,0.999625027179718,0.02694600075483322,0.004972999915480614,0,-0.02694300003349781,0.933559000492096,0.3574090003967285,0,0.004987999796867371,-0.3574090003967285,0.9339349865913391,0,0.0026000000070780516,2.8696000576019287,0,1,0.9996600151062012,0.025805000215768814,0.0038610000628978014,0,-0.025743000209331512,0.9512860178947449,0.3072350025177002,0,0.004255000036209822,-0.30722999572753906,0.9516260027885437,0,-0.0027000000700354576,2.6958999633789062,0,1,0.9996619820594788,-0.022414999082684517,0.013168999925255775,0,0.014148999936878681,0.894070029258728,0.4477050006389618,0,-0.02180900052189827,-0.44736701250076294,0.8940849900245667,0,-3.086400032043457,8.374699592590332,0.15379999577999115,1,0.9997869729995728,0.020416999235749245,0.003154000034555793,0,-0.020424000918865204,0.9538080096244812,0.2997229993343353,0,0.0031109999399632215,-0.2997229993343353,0.9540209770202637,0,0.0031999999191612005,2.5383999347686768,0,1,0.9997619986534119,0.021640999242663383,0.0029090000316500664,0,-0.021573999896645546,0.9583799839019775,0.28468000888824463,0,0.0033730000723153353,-0.2846750020980835,0.9586179852485657,0,-0.0019000000320374966,2.1456000804901123,0,1,-0.9507290124893188,-0.13610999286174774,0.278546005487442,0,0.18188300728797913,-0.9724799990653992,0.1456039994955063,0,0.2510629892349243,0.1890929937362671,0.949321985244751,0,8.899700164794922,-4.969699859619141,-0.7815999984741211,1,0.9975000023841858,0.06713400036096573,0.022058000788092613,0,-0.057693999260663986,0.9539499878883362,-0.2943660020828247,0,-0.04080500081181526,0.2923569977283478,0.9554380178451538,0,0,42.8650016784668,0,1,0.9980909824371338,-0.061482999473810196,-0.005781999789178371,0,0.035468000918626785,0.4940820038318634,0.8686919808387756,0,-0.050553999841213226,-0.8672389984130859,0.4953190088272095,0,0,42.83760070800781,0,1,0.9940620064735413,-0.004511000122874975,0.10871899873018265,0,-0.06512399762868881,0.7757700085639954,0.6276469826698303,0,-0.0871720016002655,-0.6309999823570251,0.7708699703216553,0,0,15.807000160217285,0,1,-0.9825729727745056,-0.049063000828027725,-0.17928600311279297,0,0.04999399930238724,-0.9987490177154541,-0.0006750000175088644,0,-0.17902900278568268,-0.009626000188291073,0.983797013759613,0,-8.899700164794922,-4.969699859619141,-0.9538999795913696,1,0.9846540093421936,-0.063120998442173,-0.1627040058374405,0,0.02890699915587902,0.9784119725227356,-0.20463000237941742,0,0.172107994556427,0.19678600132465363,0.9652220010757446,0,0,42.86309814453125,0,1,0.9997879862785339,-0.007961999624967575,-0.018988000229001045,0,0.020572999492287636,0.4232189953327179,0.9057940244674683,0,0.0008239999879151583,-0.9059929847717285,0.42329299449920654,0,0,42.83420181274414,0,1,0.9940850138664246,0.006572000216692686,-0.10840500146150589,0,0.06673900038003922,0.7504940032958984,0.6574980020523071,0,0.08567799627780914,-0.6608440279960632,0.7456169724464417,0,0,15.84119987487793,0,1
K0.033,0.993798017501831,-0.05770299956202507,0.09506000578403473,0,0.06353999674320221,0.9962000250816345,-0.059560999274253845,0,-0.09126200526952744,0.06523200124502182,0.9936879873275757,0,0.10577093809843063,99.45880126953125,0.787635862827301,1,0.9985859990119934,0.04735900089144707,-0.024150000885128975,0,-0.0467119999229908,0.9985520243644714,0.02667899988591671,0,0.025377999991178513,-0.025513000786304474,0.999351978302002,0,0,8.951199531555176,-0.2865999937057495,1,0.9996129870414734,0.027434000745415688,-0.0045380000956356525,0,-0.027338000014424324,0.9994249939918518,0.020051000639796257,0,0.0050849998369812965,-0.019920000806450844,0.9997889995574951,0,0,10.448399543762207,0,1,0.9996110200881958,0.027490999549627304,-0.004778000060468912,0,-0.02739199995994568,0.9994320273399353,0.019644999876618385,0,0.00531500019133091,-0.019507000222802162,0.9997959733009338,0,0,11.940999984741211,0,1,0.9999679923057556,0.007623998913913965,0.0025130026042461395,0,-0.007885999046266079,0.9914979934692383,0.1298840045928955,0,-0.0015010026982054114,-0.12989899516105652,0.9915260076522827,0,0,13.433600425720215,0,1,0.9999610185623169,0.008351999334990978,0.002706002676859498,0,-0.008576999418437481,0.9951549768447876,0.09794300049543381,0,-0.0018750025192275643,-0.09796199947595596,0.9951879978179932,0,0,8.477299690246582,0.4431000053882599,1,0.28490200638771057,0.018742000684142113,-0.9583730101585388,0,0.8398460149765015,-0.4868139922618866,0.24014699459075928,0,-0.4620490074157715,-0.873304009437561,-0.15443499386310577,0,5.225299835205078,11.903499603271484,-0.04659999907016754,1,0.9370070099830627,0.2997409999370575,-0.17937099933624268,0,-0.026246000081300735,0.5724589824676514,0.8195130228996277,0,0.3483240008354187,-0.7631819844245911,0.5442649722099304,0,0,10.833399772644043,0,1,0.9996330142021179,0.025460999459028244,0.009209999814629555,0,-0.025465000420808792,0.999675989151001,0.0003539999888744205,0,-0.009197999723255634,-0.0005879999953322113,0.9999579787254333,0,0,25.510299682617188,0,1,0.8474029898643494,-0.08009599894285202,0.5248739719390869,0,0.0005750000709667802,0.9886940121650696,0.14994800090789795,0,-0.5309500098228455,-0.12676499783992767,0.8378679752349854,0,0,24.506200790405273,0,1,0.9193410277366638,0.3809950053691864,-0.09826599806547165,0,-0.3259719908237457,0.8773769736289978,0.3520689904689789,0,0.22035199403762817,-0.2916390001773834,0.9308009743690491,0,-2.9267001152038574,3.0195999145507812,1.2417999505996704,1,0.9455940127372742,-0.30097100138664246,-0.1235629990696907,0,0.27290600538253784,0.9405109882354736,-0.2023880034685135,0,0.1771250069141388,0.1576559990644455,0.9714789986610413,0,-0.6902999877929688,3.439199924468994,0,1,0.9731540083885193,0.20010800659656525,0.1137010008096695,0,-0.16211800277233124,0.9466530084609985,-0.2785069942474365,0,-0.16336700320243835,0.25259700417518616,0.9536799788475037,0,0.15240000188350677,3.0773000717163086,0,1,0.9925619959831238,0.12174300104379654,-0.0004720035649370402,0,-0.12090200185775757,0.9861469864845276,0.11356298625469208,0,0.014291001483798027,-0.1126609817147255,0.9935309886932373,0,-3.337100028991699,9.136300086975098,0.1177000030875206,1,0.9992460012435913,-0.038384001702070236,-0.005778000224381685,0,0.038359999656677246,0.9537519812583923,0.29813799262046814,0,-0.005932999774813652,-0.29813501238822937,0.9545050263404846,0,0.008999999612569809,3.075900077819824,0,1,0.999875009059906,-0.01577799953520298,-0.0013520000502467155,0,0.015812000259757042,0.9900739789009094,0.13965199887752533,0,-0.0008650000090710819,-0.13965600728988647,0.9901999831199646,0,-0.004900000058114529,2.8001999855041504,0,1,0.9983850121498108,0.05675400421023369,0.002429001033306122,0,-0.055535003542900085,0.9661639928817749,0.2518799901008606,0,0.011947999708354473,-0.2516080141067505,0.9677550196647644,0,-0.9397000074386597,9.032699584960938,-0.17170000076293945,1,0.9992650151252747,-0.03790599852800369,-0.005729000084102154,0,0.03788699954748154,0.9536150097846985,0.29863598942756653,0,-0.0058570001274347305,-0.29863300919532776,0.9543499946594238,0,0.008700000122189522,3.3073999881744385,0,1,0.999347984790802,-0.03556400164961815,-0.006238000001758337,0,0.03571600094437599,0.9483090043067932,0.31533199548721313,0,-0.005299000069499016,-0.3153490126132965,0.9489610195159912,0,-0.004699999932199717,3.1054000854492188,0,1,0.9992910027503967,0.037647005170583725,-0.00019399894517846406,0,-0.03531400486826897,0.9391059875488281,0.3418090045452118,0,0.01305100042372942,-0.3415589928627014,0.939769983291626,0,1.11489999294281,9.02649974822998,-0.13850000500679016,1,0.9990079998970032,-0.04380900040268898,-0.008009999990463257,0,0.04378899931907654,0.9334539771080017,0.3560140132904053,0,-0.008119000121951103,-0.3560119867324829,0.9344459772109985,0,0.005400000140070915,2.7511000633239746,0,1,0.9993820190429688,-0.0346670001745224,-0.0057939994148910046,0,0.0347759984433651,0.9513909816741943,0.3060170114040375,0,-0.00509599968791008,-0.30602899193763733,0.9520080089569092,0,-0.0032999999821186066,2.789299964904785,0,1,0.9999399781227112,0.00036800539237447083,-0.01097299624234438,0,0.004460993222892284,0.8996109962463379,0.4366689622402191,0,0.010031999088823795,-0.4366919696331024,0.8995550274848938,0,3.161900043487549,8.505999565124512,0.05460000038146973,1,0.9993069767951965,-0.03680899366736412,-0.0055929976515471935,0,0.03679899126291275,0.9536979794502258,0.2985059320926666,0,-0.005652997642755508,-0.29850494861602783,0.9543910026550293,0,0.002400000113993883,2.48009991645813,0,1,0.9994339942932129,-0.033278994262218475,-0.0049999975599348545,0,0.03333099186420441,0.9583849906921387,0.2835279405117035,0,-0.004642998334020376,-0.2835339307785034,0.9589509963989258,0,-0.00139999995008111,2.079900026321411,0,1,0.24750100076198578,-0.02297000028192997,0.9686149954795837,0,-0.8294370174407959,-0.5217350125312805,0.19956600666046143,0,0.5007759928703308,-0.8527979850769043,-0.14818300306797028,0,-5.225299835205078,11.903599739074707,-0.05130000039935112,1,0.8591830134391785,-0.38089799880981445,0.3416450023651123,0,0.014889001846313477,0.686037003993988,0.7274140119552612,0,-0.5114520192146301,-0.6198949813842773,0.5951030254364014,0,0,10.833399772644043,0,1,0.9931570291519165,-0.11641400307416916,-0.009341999888420105,0,0.1164340004324913,0.9931970238685608,0.0016659999964758754,0,0.009084999561309814,-0.002741999924182892,0.9999549984931946,0,0,25.508899688720703,0,1,0.9461730122566223,0.11336000263690948,-0.30316001176834106,0,-0.07173299789428711,0.9868109822273254,0.14511600136756897,0,0.31561198830604553,-0.11555799841880798,0.9418259859085083,0,0,24.507200241088867,0,1,0.8899710178375244,-0.44918200373649597,0.07865700125694275,0,0.3930410146713257,0.8430320024490356,0.3671720027923584,0,-0.23123799264431,-0.2958570122718811,0.9268209934234619,0,2.7197999954223633,2.723599910736084,1.186400055885315,1,0.9172970056533813,0.382750004529953,0.10985899716615677,0,-0.36256200075149536,0.9168639779090881,-0.16705800592899323,0,-0.16466699540615082,0.11341100186109543,0.9798070192337036,0,0.5569000244140625,3.1737000942230225,0,1,0.9926530122756958,-0.049237001687288284,-0.11052700132131577,0,0.0110470000654459,0.9465259909629822,-0.3224389851093292,0,0.12049300223588943,0.31884899735450745,0.9401149749755859,0,-0.20649999380111694,3.249300003051758,0,1,0.9917050004005432,-0.12852199375629425,-0.0019610002636909485,0,0.12780800461769104,0.9843379855155945,0.12142600119113922,0,-0.013675999827682972,-0.12066899985074997,0.9925990104675293,0,3.283900022506714,9.167900085449219,0.012000000104308128,1,0.9996979832649231,0.024295000359416008,0.003739000065252185,0,-0.024299999698996544,0.9538940191268921,0.2991569936275482,0,0.0037010000087320805,-0.2991569936275482,0.9541969895362854,0,-0.0013000000035390258,3.0429000854492188,0,1,0.9999499917030334,0.009932000190019608,0.0007489999989047647,0,-0.009939000010490417,0.9900839924812317,0.14012600481510162,0,0.0006510000093840063,-0.1401270031929016,0.9901329874992371,0,0.0019000000320374966,2.8647000789642334,0,1,0.9975990056991577,-0.06924799829721451,0.001081999740563333,0,0.06655099987983704,0.9628329873085022,0.26177099347114563,0,-0.019169000908732414,-0.26107001304626465,0.965129017829895,0,0.9546999931335449,8.974800109863281,0.024900000542402267,1,0.999783992767334,0.02056100033223629,0.003169999923557043,0,-0.02056499943137169,0.9537829756736755,0.29978999495506287,0,0.0031399999279528856,-0.29978999495506287,0.9539999961853027,0,0.002400000113993883,3.1963999271392822,0,1,0.9997460246086121,0.022244999185204506,0.0035280000884085894,0,-0.022216999903321266,0.9483159780502319,0.3165479898452759,0,0.0036949999630451202,-0.3165459930896759,0.9485700130462646,0,-0.0006000000284984708,3.1865999698638916,0,1,0.9986510276794434,-0.05172500014305115,-0.004443999845534563,0,0.04997299984097481,0.9345629811286926,0.35227200388908386,0,-0.01406800001859665,-0.3520190119743347,0.9358869791030884,0,-1.1521999835968018,9.07759952545166,-0.23340000212192535,1,0.999625027179718,0.02694600075483322,0.004972999915480614,0,-0.02694300003349781,0.933559000492096,0.3574090003967285,0,0.004989000037312508,-0.3574090003967285,0.9339349865913391,0,0.0026000000070780516,2.8696000576019287,0,1,0.9996600151062012,0.025805000215768814,0.0038610000628978014,0,-0.025743000209331512,0.9512860178947449,0.3072350025177002,0,0.004255000036209822,-0.30722901225090027,0.9516260027885437,0,-0.0027000000700354576,2.6958999633789062,0,1,0.9996619820594788,-0.022414999082684517,0.013168999925255775,0,0.014148999005556107,0.894070029258728,0.4477039873600006,0,-0.02180900052189827,-0.44736701250076294,0.8940849900245667,0,-3.086400032043457,8.374699592590332,0.15379999577999115,1,0.9997869729995728,0.020416999235749245,0.003154000034555793,0,-0.020424000918865204,0.9538080096244812,0.2997229993343353,0,0.0031109999399632215,-0.2997229993343353,0.9540209770202637,0,0.0031999999191612005,2.5383999347686768,0,1,0.9997619986534119,0.021640999242663383,0.0029090000316500664,0,-0.021573999896645546,0.9583799839019775,0.28468000888824463,0,0.0033730000723153353,-0.2846750020980835,0.9586179852485657,0,-0.0019000000320374966,2.1456000804901123,0,1,-0.9507219791412354,-0.13617999851703644,0.27853599190711975,0,0.1819249987602234,-0.9724889993667603,0.14549599587917328,0,0.25105899572372437,0.1889989972114563,0.9493409991264343,0,8.899700164794922,-4.969699859619141,-0.7815999984741211,1,0.9974910020828247,0.0671830028295517,0.022322002798318863,0,-0.05767500028014183,0.9540309906005859,-0.29410699009895325,0,-0.04105500504374504,0.29208099842071533,0.9555119872093201,0,0,42.8650016784668,0,1,0.9980909824371338,-0.061487000435590744,-0.005772999953478575,0,0.0354669988155365,0.49416598677635193,0.8686439990997314,0,-0.050558000802993774,-0.8671900033950806,0.4954040050506592,0,0,42.83760070800781,0,1,0.9940620064735413,-0.004511000122874975,0.10871899873018265,0,-0.06512399762868881,0.7757700085639954,0.6276469826698303,0,-0.0871720016002655,-0.6309999823570251,0.7708699703216553,0,0,15.807000160217285,0,1,-0.9825680255889893,-0.04914499819278717,-0.17928799986839294,0,0.0500359982252121,-0.9987469911575317,-0.0004479977651499212,0,-0.17904099822044373,-0.009410997852683067,0.983797013759613,0,-8.899700164794922,-4.969699859619141,-0.9538999795913696,1,0.9847390055656433,-0.06283299624919891,-0.16229799389839172,0,0.028658995404839516,0.9783669710159302,-0.20488399267196655,0,0.17166100442409515,0.1971060037612915,0.965237021446228,0,0,42.86309814453125,0,1,0.9997850060462952,-0.008353003300726414,-0.019000999629497528,0,0.020750001072883606,0.42309701442718506,0.9058470129966736,0,0.0004729964130092412,-0.9060459733009338,0.4231790006160736,0,0,42.83420181274414,0,1,0.9940850138664246,0.006572000216692686,-0.10840500146150589,0,0.06673900038003922,0.7504940032958984,0.6574980020523071,0,0.08567799627780914,-0.6608440279960632,0.7456169724464417,0,0,15.84119987487793,0,1
