<?xml version="1.0" encoding="utf-8"?>
<COLLADA xmlns="http://www.collada.org/2005/11/COLLADASchema" version="1.4.1">
  <asset>
    <contributor>
      <author>Mixamo</author>
      <authoring_tool>COLLADA Mixamo exporter</authoring_tool>
      <comments/>
    </contributor>
    <created>2023-03-17T22:34:35Z</created>
    <modified>2023-03-17T22:34:35Z</modified>
    <revision/>
    <title/>
    <unit meter="0.010000"/>
    <up_axis>Y_UP</up_axis>
  </asset>
  <library_animations>
    <animation id="mixamorig2_Hips-anim" name="mixamorig2_Hips">
      <source id="mixamorig2_Hips-Matrix-animation-input">
        <float_array id="mixamorig2_Hips-Matrix-animation-input-array" count="79">

0.000000 0.033333 0.066667 0.100000 0.133333 0.166667 0.200000 0.233333 0.266667 0.300000 0.333333 0.366667 0.400000 0.433333 0.466667 0.500000
0.533333 0.566667 0.600000 0.633333 0.666667 0.700000 0.733333 0.766667 0.800000 0.833333 0.866667 0.900000 0.933333 0.966667 1.000000 1.033333
1.066667 1.100000 1.133333 1.166667 1.200000 1.233333 1.266667 1.300000 1.333333 1.366667 1.400000 1.433333 1.466667 1.500000 1.533333 1.566667
1.600000 1.633333 1.666667 1.700000 1.733333 1.766667 1.800000 1.833333 1.866667 1.900000 1.933333 1.966667 2.000000 2.033333 2.066667 2.100000
2.133333 2.166667 2.200000 2.233333 2.266667 2.300000 2.333333 2.366667 2.400000 2.433333 2.466667 2.500000 2.533333 2.566667 2.600000</float_array>
        <technique_common>
          <accessor source="#mixamorig2_Hips-Matrix-animation-input-array" count="79">
            <param name="TIME" type="float"/>
          </accessor>
        </technique_common>
      </source>
      <source id="mixamorig2_Hips-Matrix-animation-output-transform">
        <float_array id="mixamorig2_Hips-Matrix-animation-output-transform-array" count="1264">

0.993829 0.063460 -0.090980 0.111604 -0.057649 0.996210 0.065136 99.459068 0.094769 -0.059489 0.993720 0.799408 0.000000 0.000000 0.000000 1.000000
0.993908 0.062995 -0.090433 0.108623 -0.057248 0.996255 0.064802 99.456673 0.094176 -0.059230 0.993792 0.811105 0.000000 0.000000 0.000000 1.000000
0.993998 0.062464 -0.089807 0.106707 -0.056785 0.996303 0.064459 99.453949 0.093501 -0.058972 0.993871 0.829662 0.000000 0.000000 0.000000 1.000000
0.994098 0.061957 -0.089050 0.103869 -0.056365 0.996357 0.063994 99.452354 0.092690 -0.058597 0.993969 0.855438 0.000000 0.000000 0.000000 1.000000
0.994206 0.061507 -0.088158 0.099738 -0.056024 0.996416 0.063381 99.452591 0.091741 -0.058074 0.994088 0.887586 0.000000 0.000000 0.000000 1.000000
0.994328 0.061085 -0.087069 0.094556 -0.055735 0.996481 0.062601 99.452568 0.090586 -0.057393 0.994233 0.924693 0.000000 0.000000 0.000000 1.000000
0.994473 0.060683 -0.085678 0.088425 -0.055503 0.996557 0.061595 99.452545 0.089120 -0.056499 0.994417 0.965218 0.000000 0.000000 0.000000 1.000000
0.994641 0.060308 -0.083977 0.081139 -0.055336 0.996644 0.060328 99.452065 0.087334 -0.055357 0.994640 1.007250 0.000000 0.000000 0.000000 1.000000
0.994822 0.059967 -0.082054 0.072636 -0.055230 0.996739 0.058828 99.450790 0.085314 -0.053991 0.994890 1.048824 0.000000 0.000000 0.000000 1.000000
0.995014 0.059655 -0.079927 0.062621 -0.055173 0.996839 0.057163 99.449257 0.083084 -0.052468 0.995160 1.089374 0.000000 0.000000 0.000000 1.000000
0.995217 0.059386 -0.077568 0.050366 -0.055172 0.996940 0.055381 99.448380 0.080620 -0.050837 0.995448 1.129936 0.000000 0.000000 0.000000 1.000000
0.995420 0.059209 -0.075054 0.035658 -0.055271 0.997037 0.053504 99.448448 0.077999 -0.049110 0.995743 1.171088 0.000000 0.000000 0.000000 1.000000
0.995611 0.059099 -0.072561 0.019480 -0.055430 0.997129 0.051581 99.449265 0.075401 -0.047332 0.996029 1.211775 0.000000 0.000000 0.000000 1.000000
0.995791 0.058913 -0.070218 0.003092 -0.055491 0.997220 0.049725 99.450706 0.072952 -0.045619 0.996292 1.249804 0.000000 0.000000 0.000000 1.000000
0.995960 0.058631 -0.068022 -0.012998 -0.055427 0.997305 0.048060 99.452667 0.070656 -0.044096 0.996526 1.282193 0.000000 0.000000 0.000000 1.000000
0.996127 0.058202 -0.065898 -0.029022 -0.055188 0.997385 0.046670 99.454910 0.068442 -0.042852 0.996734 1.306103 0.000000 0.000000 0.000000 1.000000
0.996299 0.057653 -0.063749 -0.045390 -0.054801 0.997455 0.045613 99.456886 0.066216 -0.041951 0.996923 1.320570 0.000000 0.000000 0.000000 1.000000
0.996478 0.057035 -0.061473 -0.062615 -0.054323 0.997512 0.044929 99.458496 0.063883 -0.041431 0.997097 1.327121 0.000000 0.000000 0.000000 1.000000
0.996659 0.056418 -0.059052 -0.081271 -0.053827 0.997554 0.044588 99.460182 0.061423 -0.041260 0.997259 1.328860 0.000000 0.000000 0.000000 1.000000
0.996838 0.055815 -0.056564 -0.100944 -0.053328 0.997582 0.044566 99.461952 0.058914 -0.041409 0.997404 1.329190 0.000000 0.000000 0.000000 1.000000
0.997008 0.055185 -0.054119 -0.120298 -0.052778 0.997595 0.044934 99.463654 0.056469 -0.041943 0.997523 1.330450 0.000000 0.000000 0.000000 1.000000
0.997168 0.054506 -0.051811 -0.138388 -0.052150 0.997589 0.045784 99.465042 0.054181 -0.042953 0.997607 1.332731 0.000000 0.000000 0.000000 1.000000
0.997314 0.053814 -0.049682 -0.154939 -0.051479 0.997561 0.047142 99.465828 0.052098 -0.044458 0.997652 1.334547 0.000000 0.000000 0.000000 1.000000
0.997445 0.053149 -0.047728 -0.170216 -0.050811 0.997509 0.048928 99.466072 0.050210 -0.046378 0.997661 1.334315 0.000000 0.000000 0.000000 1.000000
0.997565 0.052499 -0.045918 -0.185012 -0.050147 0.997442 0.050947 99.465904 0.048475 -0.048520 0.997645 1.329744 0.000000 0.000000 0.000000 1.000000
0.997675 0.051836 -0.044249 -0.199978 -0.049474 0.997373 0.052901 99.465431 0.046875 -0.050589 0.997619 1.317170 0.000000 0.000000 0.000000 1.000000
0.997772 0.051198 -0.042772 -0.215146 -0.048839 0.997319 0.054487 99.464874 0.045447 -0.052276 0.997598 1.293504 0.000000 0.000000 0.000000 1.000000
0.997850 0.050663 -0.041566 -0.230819 -0.048324 0.997291 0.055461 99.464897 0.044263 -0.053333 0.997595 1.257774 0.000000 0.000000 0.000000 1.000000
0.997908 0.050273 -0.040651 -0.248005 -0.047976 0.997298 0.055628 99.466179 0.043338 -0.053561 0.997624 1.209820 0.000000 0.000000 0.000000 1.000000
0.997950 0.050037 -0.039910 -0.267302 -0.047814 0.997350 0.054840 99.468750 0.042549 -0.052819 0.997697 1.149307 0.000000 0.000000 0.000000 1.000000
0.997984 0.049935 -0.039177 -0.288769 -0.047823 0.997443 0.053104 99.472412 0.041729 -0.051124 0.997820 1.077760 0.000000 0.000000 0.000000 1.000000
0.998010 0.049990 -0.038433 -0.312385 -0.048015 0.997560 0.050690 99.476707 0.040873 -0.048744 0.997975 1.001166 0.000000 0.000000 0.000000 1.000000
0.998022 0.050179 -0.037858 -0.336984 -0.048337 0.997673 0.048094 99.481712 0.040183 -0.046169 0.998125 0.929415 0.000000 0.000000 0.000000 1.000000
0.998017 0.050423 -0.037686 -0.360411 -0.048680 0.997763 0.045818 99.487701 0.039912 -0.043893 0.998239 0.871763 0.000000 0.000000 0.000000 1.000000
0.997991 0.050657 -0.038055 -0.381278 -0.048962 0.997822 0.044211 99.494308 0.040212 -0.042259 0.998297 0.831508 0.000000 0.000000 0.000000 1.000000
0.997951 0.050777 -0.038936 -0.398834 -0.049075 0.997848 0.043497 99.499413 0.041061 -0.041497 0.998295 0.806010 0.000000 0.000000 0.000000 1.000000
0.997903 0.050741 -0.040175 -0.412208 -0.048974 0.997839 0.043807 99.500305 0.042311 -0.041747 0.998232 0.792360 0.000000 0.000000 0.000000 1.000000
0.997856 0.050503 -0.041618 -0.420762 -0.048619 0.997798 0.045113 99.496635 0.043805 -0.042993 0.998115 0.790522 0.000000 0.000000 0.000000 1.000000
0.997807 0.050178 -0.043166 -0.424674 -0.048134 0.997727 0.047165 99.491058 0.045435 -0.044984 0.997954 0.799826 0.000000 0.000000 0.000000 1.000000
0.997755 0.049841 -0.044731 -0.424734 -0.047616 0.997638 0.049504 99.485558 0.047093 -0.047263 0.997772 0.815027 0.000000 0.000000 0.000000 1.000000
0.997702 0.049520 -0.046243 -0.421791 -0.047121 0.997555 0.051603 99.480370 0.048685 -0.049306 0.997596 0.829119 0.000000 0.000000 0.000000 1.000000
0.997647 0.049263 -0.047692 -0.417081 -0.046718 0.997497 0.053083 99.475685 0.050188 -0.050730 0.997451 0.838529 0.000000 0.000000 0.000000 1.000000
0.997583 0.049164 -0.049093 -0.411761 -0.046509 0.997465 0.053848 99.472267 0.051616 -0.051435 0.997342 0.844248 0.000000 0.000000 0.000000 1.000000
0.997512 0.049274 -0.050410 -0.406162 -0.046537 0.997451 0.054083 99.470604 0.052947 -0.051602 0.997263 0.849907 0.000000 0.000000 0.000000 1.000000
0.997438 0.049571 -0.051574 -0.400200 -0.046770 0.997437 0.054154 99.470367 0.054127 -0.051603 0.997200 0.859206 0.000000 0.000000 0.000000 1.000000
0.997364 0.049957 -0.052620 -0.393776 -0.047084 0.997404 0.054478 99.470657 0.055205 -0.051857 0.997127 0.873605 0.000000 0.000000 0.000000 1.000000
0.997286 0.050312 -0.053754 -0.386200 -0.047328 0.997341 0.055414 99.470474 0.056399 -0.052720 0.997015 0.891485 0.000000 0.000000 0.000000 1.000000
0.997196 0.050524 -0.055203 -0.375977 -0.047364 0.997243 0.057128 99.468864 0.057937 -0.054353 0.996840 0.909362 0.000000 0.000000 0.000000 1.000000
0.997091 0.050565 -0.057034 -0.361682 -0.047163 0.997114 0.059494 99.465759 0.059878 -0.056631 0.996598 0.924101 0.000000 0.000000 0.000000 1.000000
0.996971 0.050479 -0.059163 -0.343380 -0.046793 0.996971 0.062119 99.461746 0.062119 -0.059162 0.996314 0.933293 0.000000 0.000000 0.000000 1.000000
0.996836 0.050390 -0.061470 -0.323020 -0.046415 0.996840 0.064471 99.457619 0.064525 -0.061414 0.996025 0.933681 0.000000 0.000000 0.000000 1.000000
0.996685 0.050410 -0.063865 -0.303499 -0.046178 0.996745 0.066081 99.454216 0.066988 -0.062912 0.995768 0.921502 0.000000 0.000000 0.000000 1.000000
0.996517 0.050620 -0.066275 -0.287291 -0.046192 0.996702 0.066723 99.452271 0.069434 -0.063429 0.995568 0.896124 0.000000 0.000000 0.000000 1.000000
0.996334 0.051052 -0.068651 -0.275109 -0.046491 0.996704 0.066474 99.452255 0.071818 -0.063038 0.995424 0.861752 0.000000 0.000000 0.000000 1.000000
0.996141 0.051645 -0.070970 -0.265761 -0.047000 0.996737 0.065627 99.451866 0.074128 -0.062038 0.995317 0.824337 0.000000 0.000000 0.000000 1.000000
0.995944 0.052307 -0.073212 -0.257683 -0.047603 0.996776 0.064580 99.449959 0.076354 -0.060833 0.995223 0.788678 0.000000 0.000000 0.000000 1.000000
0.995747 0.052993 -0.075366 -0.249919 -0.048226 0.996802 0.063726 99.448875 0.078502 -0.059820 0.995118 0.758444 0.000000 0.000000 0.000000 1.000000
0.995548 0.053685 -0.077469 -0.241628 -0.048825 0.996799 0.063314 99.447853 0.080620 -0.059250 0.994982 0.735218 0.000000 0.000000 0.000000 1.000000
0.995348 0.054365 -0.079539 -0.231624 -0.049377 0.996766 0.063392 99.446518 0.082728 -0.059169 0.994814 0.718275 0.000000 0.000000 0.000000 1.000000
0.995157 0.054983 -0.081486 -0.218548 -0.049837 0.996712 0.063889 99.445473 0.084731 -0.059518 0.994625 0.706803 0.000000 0.000000 0.000000 1.000000
0.994986 0.055495 -0.083209 -0.201436 -0.050178 0.996644 0.064682 99.444977 0.086519 -0.060182 0.994431 0.700504 0.000000 0.000000 0.000000 1.000000
0.994834 0.055936 -0.084720 -0.180459 -0.050449 0.996571 0.065583 99.443649 0.088098 -0.060970 0.994244 0.697631 0.000000 0.000000 0.000000 1.000000
0.994692 0.056390 -0.086074 -0.157109 -0.050750 0.996504 0.066365 99.440430 0.089516 -0.061644 0.994076 0.694582 0.000000 0.000000 0.000000 1.000000
0.994557 0.056887 -0.087299 -0.133447 -0.051128 0.996452 0.066846 99.436462 0.090792 -0.062019 0.993937 0.688767 0.000000 0.000000 0.000000 1.000000
0.994429 0.057386 -0.088420 -0.111115 -0.051550 0.996425 0.066934 99.433777 0.091945 -0.062003 0.993832 0.680990 0.000000 0.000000 0.000000 1.000000
0.994310 0.057847 -0.089453 -0.090636 -0.051973 0.996421 0.066656 99.433128 0.092989 -0.061628 0.993758 0.673564 0.000000 0.000000 0.000000 1.000000
0.994202 0.058277 -0.090371 -0.071689 -0.052394 0.996432 0.066162 99.433243 0.093905 -0.061043 0.993708 0.668449 0.000000 0.000000 0.000000 1.000000
0.994105 0.058699 -0.091153 -0.053570 -0.052817 0.996443 0.065659 99.433304 0.094683 -0.060458 0.993670 0.667365 0.000000 0.000000 0.000000 1.000000
0.994018 0.059135 -0.091820 -0.035756 -0.053246 0.996443 0.065315 99.433899 0.095356 -0.060035 0.993631 0.671408 0.000000 0.000000 0.000000 1.000000
0.993938 0.059583 -0.092395 -0.018122 -0.053671 0.996428 0.065205 99.435951 0.095950 -0.059851 0.993585 0.680377 0.000000 0.000000 0.000000 1.000000
0.993868 0.060024 -0.092866 -0.000972 -0.054076 0.996400 0.065292 99.438675 0.096451 -0.059870 0.993536 0.693271 0.000000 0.000000 0.000000 1.000000
0.993812 0.060475 -0.093174 0.015313 -0.054486 0.996361 0.065537 99.441231 0.096798 -0.060055 0.993491 0.709079 0.000000 0.000000 0.000000 1.000000
0.993776 0.060957 -0.093240 0.030438 -0.054935 0.996316 0.065847 99.444069 0.096910 -0.060315 0.993464 0.726519 0.000000 0.000000 0.000000 1.000000
0.993763 0.061444 -0.093055 0.044248 -0.055410 0.996273 0.066105 99.446976 0.096770 -0.060536 0.993464 0.743676 0.000000 0.000000 0.000000 1.000000
0.993768 0.061889 -0.092705 0.057305 -0.055867 0.996241 0.066201 99.449028 0.096454 -0.060609 0.993490 0.758797 0.000000 0.000000 0.000000 1.000000
0.993780 0.062288 -0.092307 0.070544 -0.056300 0.996223 0.066113 99.450272 0.096077 -0.060505 0.993533 0.770870 0.000000 0.000000 0.000000 1.000000
0.993793 0.062680 -0.091908 0.084207 -0.056743 0.996215 0.065852 99.451843 0.095688 -0.060228 0.993588 0.780499 0.000000 0.000000 0.000000 1.000000
0.993808 0.063081 -0.091473 0.097951 -0.057205 0.996212 0.065498 99.454796 0.095259 -0.059860 0.993651 0.789542 0.000000 0.000000 0.000000 1.000000
0.993829 0.063453 -0.090980 0.111490 -0.057642 0.996210 0.065136 99.459068 0.094768 -0.059489 0.993720 0.799282 0.000000 0.000000 0.000000 1.000000</float_array>
        <technique_common>
          <accessor source="#mixamorig2_Hips-Matrix-animation-output-transform-array" count="79" stride="16">
            <param type="float4x4"/>
          </accessor>
        </technique_common>
      </source>
      <source id="mixamorig2_Hips-Interpolations">
        <Name_array id="mixamorig2_Hips-Interpolations-array" count="79">
 LINEAR LINEAR LINEAR LINEAR LINEAR LINEAR LINEAR LINEAR LINEAR LINEAR LINEAR
LINEAR LINEAR LINEAR LINEAR LINEAR LINEAR LINEAR LINEAR LINEAR LINEAR LINEAR LINEAR
LINEAR LINEAR LINEAR LINEAR LINEAR LINEAR LINEAR LINEAR LINEAR LINEAR LINEAR LINEAR
LINEAR LINEAR LINEAR LINEAR LINEAR LINEAR LINEAR LINEAR LINEAR LINEAR LINEAR LINEAR
LINEAR LINEAR LINEAR LINEAR LINEAR LINEAR LINEAR LINEAR LINEAR LINEAR LINEAR LINEAR
LINEAR LINEAR LINEAR LINEAR LINEAR LINEAR LINEAR LINEAR LINEAR LINEAR LINEAR LINEAR
LINEAR LINEAR LINEAR LINEAR LINEAR LINEAR LINEAR LINEAR</Name_array>
        <technique_common>
          <accessor source="#mixamorig2_Hips-Interpolations-array" count="79">
            <param type="name"/>
          </accessor>
        </technique_common>
      </source>
      <sampler id="mixamorig2_Hips-Matrix-animation-transform">
        <input semantic="INPUT" source="#mixamorig2_Hips-Matrix-animation-input"/>
        <input semantic="OUTPUT" source="#mixamorig2_Hips-Matrix-animation-output-transform"/>
        <input semantic="INTERPOLATION" source="#mixamorig2_Hips-Interpolations"/>
      </sampler>
      <channel source="#mixamorig2_Hips-Matrix-animation-transform" target="mixamorig2_Hips/matrix"/>
    </animation>
    <animation id="mixamorig2_Spine-anim" name="mixamorig2_Spine">
      <source id="mixamorig2_Spine-Matrix-animation-input">
        <float_array id="mixamorig2_Spine-Matrix-animation-input-array" count="79">

0.000000 0.033333 0.066667 0.100000 0.133333 0.166667 0.200000 0.233333 0.266667 0.300000 0.333333 0.366667 0.400000 0.433333 0.466667 0.500000
0.533333 0.566667 0.600000 0.633333 0.666667 0.700000 0.733333 0.766667 0.800000 0.833333 0.866667 0.900000 0.933333 0.966667 1.000000 1.033333
1.066667 1.100000 1.133333 1.166667 1.200000 1.233333 1.266667 1.300000 1.333333 1.366667 1.400000 1.433333 1.466667 1.500000 1.533333 1.566667
1.600000 1.633333 1.666667 1.700000 1.733333 1.766667 1.800000 1.833333 1.866667 1.900000 1.933333 1.966667 2.000000 2.033333 2.066667 2.100000
2.133333 2.166667 2.200000 2.233333 2.266667 2.300000 2.333333 2.366667 2.400000 2.433333 2.466667 2.500000 2.533333 2.566667 2.600000</float_array>
        <technique_common>
          <accessor source="#mixamorig2_Spine-Matrix-animation-input-array" count="79">
            <param name="TIME" type="float"/>
          </accessor>
        </technique_common>
      </source>
      <source id="mixamorig2_Spine-Matrix-animation-output-transform">
        <float_array id="mixamorig2_Spine-Matrix-animation-output-transform-array" count="1264">

0.998583 -0.046689 0.025521 0.000000 0.047337 0.998555 -0.025420 8.951200 -0.024298 0.026592 0.999351 -0.286600 0.000000 0.000000 0.000000 1.000000
0.998585 -0.046664 0.025523 -0.000000 0.047313 0.998557 -0.025421 8.951200 -0.024300 0.026593 0.999351 -0.286600 0.000000 0.000000 0.000000 1.000000
0.998582 -0.046709 0.025522 0.000000 0.047356 0.998556 -0.025358 8.951200 -0.024301 0.026531 0.999353 -0.286600 0.000000 0.000000 0.000000 1.000000
0.998579 -0.046773 0.025520 0.000000 0.047417 0.998557 -0.025215 8.951200 -0.024304 0.026389 0.999356 -0.286600 0.000000 0.000000 0.000000 1.000000
0.998574 -0.046866 0.025547 0.000000 0.047509 0.998554 -0.025152 8.951200 -0.024332 0.026330 0.999357 -0.286600 0.000000 0.000000 0.000000 1.000000
0.998568 -0.046967 0.025601 0.000000 0.047610 0.998550 -0.025124 8.951200 -0.024384 0.026307 0.999356 -0.286600 0.000000 0.000000 0.000000 1.000000
0.998562 -0.047068 0.025654 -0.000000 0.047713 0.998545 -0.025124 8.951200 -0.024435 0.026312 0.999355 -0.286600 0.000000 0.000000 0.000000 1.000000
0.998556 -0.047158 0.025713 0.000000 0.047805 0.998540 -0.025148 8.951200 -0.024490 0.026341 0.999353 -0.286600 0.000000 0.000000 0.000000 1.000000
0.998552 -0.047214 0.025788 0.000000 0.047865 0.998535 -0.025237 8.951200 -0.024558 0.026435 0.999349 -0.286600 0.000000 0.000000 0.000000 1.000000
0.998548 -0.047242 0.025869 0.000000 0.047898 0.998530 -0.025351 8.951200 -0.024633 0.026553 0.999344 -0.286600 0.000000 0.000000 0.000000 1.000000
0.998545 -0.047276 0.025944 -0.000000 0.047938 0.998525 -0.025509 8.951200 -0.024700 0.026715 0.999338 -0.286600 0.000000 0.000000 0.000000 1.000000
0.998540 -0.047343 0.026007 0.000000 0.048011 0.998516 -0.025689 8.951200 -0.024753 0.026900 0.999332 -0.286600 0.000000 0.000000 0.000000 1.000000
0.998534 -0.047431 0.026066 -0.000000 0.048104 0.998508 -0.025833 8.951200 -0.024802 0.027049 0.999326 -0.286600 0.000000 0.000000 0.000000 1.000000
0.998528 -0.047529 0.026126 0.000000 0.048206 0.998501 -0.025917 8.951200 -0.024856 0.027138 0.999323 -0.286600 0.000000 0.000000 0.000000 1.000000
0.998522 -0.047615 0.026200 -0.000000 0.048294 0.998496 -0.025948 8.951200 -0.024925 0.027175 0.999320 -0.286600 0.000000 0.000000 0.000000 1.000000
0.998517 -0.047681 0.026288 0.000000 0.048363 0.998492 -0.025960 8.951200 -0.025010 0.027193 0.999317 -0.286600 0.000000 0.000000 0.000000 1.000000
0.998510 -0.047743 0.026409 -0.000000 0.048429 0.998489 -0.025960 8.951200 -0.025129 0.027200 0.999314 -0.286600 0.000000 0.000000 0.000000 1.000000
0.998503 -0.047822 0.026535 0.000000 0.048511 0.998485 -0.025950 8.951200 -0.025254 0.027198 0.999311 -0.286600 0.000000 0.000000 0.000000 1.000000
0.998496 -0.047920 0.026642 0.000000 0.048612 0.998481 -0.025936 8.951200 -0.025359 0.027192 0.999309 -0.286600 0.000000 0.000000 0.000000 1.000000
0.998489 -0.048026 0.026718 0.000000 0.048719 0.998476 -0.025921 8.951200 -0.025433 0.027184 0.999307 -0.286600 0.000000 0.000000 0.000000 1.000000
0.998482 -0.048128 0.026775 0.000000 0.048823 0.998471 -0.025910 8.951200 -0.025487 0.027178 0.999306 -0.286600 0.000000 0.000000 0.000000 1.000000
0.998478 -0.048196 0.026830 0.000000 0.048891 0.998468 -0.025907 8.951200 -0.025540 0.027179 0.999304 -0.286600 0.000000 0.000000 0.000000 1.000000
0.998474 -0.048228 0.026890 -0.000000 0.048926 0.998466 -0.025914 8.951200 -0.025599 0.027191 0.999302 -0.286600 0.000000 0.000000 0.000000 1.000000
0.998471 -0.048249 0.026970 -0.000000 0.048949 0.998464 -0.025937 8.951200 -0.025677 0.027217 0.999300 -0.286600 0.000000 0.000000 0.000000 1.000000
0.998467 -0.048264 0.027081 0.000000 0.048968 0.998462 -0.025978 8.951200 -0.025786 0.027265 0.999296 -0.286600 0.000000 0.000000 0.000000 1.000000
0.998464 -0.048266 0.027204 0.000000 0.048975 0.998460 -0.026043 8.951200 -0.025905 0.027335 0.999291 -0.286600 0.000000 0.000000 0.000000 1.000000
0.998462 -0.048253 0.027285 0.000000 0.048969 0.998457 -0.026198 8.951200 -0.025979 0.027494 0.999284 -0.286600 0.000000 0.000000 0.000000 1.000000
0.998462 -0.048228 0.027329 0.000000 0.048951 0.998451 -0.026453 8.951200 -0.026011 0.027750 0.999276 -0.286600 0.000000 0.000000 0.000000 1.000000
0.998463 -0.048207 0.027363 0.000000 0.048940 0.998442 -0.026811 8.951200 -0.026028 0.028109 0.999266 -0.286600 0.000000 0.000000 0.000000 1.000000
0.998462 -0.048202 0.027389 0.000000 0.048948 0.998429 -0.027262 8.951200 -0.026032 0.028561 0.999253 -0.286600 0.000000 0.000000 0.000000 1.000000
0.998460 -0.048230 0.027407 0.000000 0.048989 0.998414 -0.027739 8.951200 -0.026026 0.029039 0.999239 -0.286600 0.000000 0.000000 0.000000 1.000000
0.998457 -0.048284 0.027418 -0.000000 0.049054 0.998400 -0.028139 8.951200 -0.026016 0.029440 0.999228 -0.286600 0.000000 0.000000 0.000000 1.000000
0.998454 -0.048342 0.027421 -0.000000 0.049119 0.998389 -0.028396 8.951200 -0.026004 0.029699 0.999221 -0.286600 0.000000 0.000000 0.000000 1.000000
0.998451 -0.048417 0.027415 -0.000000 0.049196 0.998382 -0.028505 8.951200 -0.025990 0.029809 0.999218 -0.286600 0.000000 0.000000 0.000000 1.000000
0.998447 -0.048513 0.027390 0.000000 0.049294 0.998376 -0.028573 8.951200 -0.025959 0.029878 0.999216 -0.286600 0.000000 0.000000 0.000000 1.000000
0.998445 -0.048592 0.027322 0.000000 0.049372 0.998370 -0.028621 8.951200 -0.025886 0.029926 0.999217 -0.286600 0.000000 0.000000 0.000000 1.000000
0.998447 -0.048595 0.027232 0.000000 0.049372 0.998369 -0.028654 8.951200 -0.025795 0.029954 0.999218 -0.286600 0.000000 0.000000 0.000000 1.000000
0.998455 -0.048509 0.027111 0.000000 0.049283 0.998373 -0.028670 8.951200 -0.025677 0.029962 0.999221 -0.286600 0.000000 0.000000 0.000000 1.000000
0.998463 -0.048396 0.027011 0.000000 0.049168 0.998379 -0.028669 8.951200 -0.025580 0.029953 0.999224 -0.286600 0.000000 0.000000 0.000000 1.000000
0.998469 -0.048303 0.026968 -0.000000 0.049072 0.998384 -0.028649 8.951200 -0.025540 0.029928 0.999226 -0.286600 0.000000 0.000000 0.000000 1.000000
0.998473 -0.048233 0.026944 0.000000 0.049001 0.998389 -0.028610 8.951200 -0.025520 0.029887 0.999227 -0.286600 0.000000 0.000000 0.000000 1.000000
0.998475 -0.048184 0.026931 0.000000 0.048950 0.998393 -0.028554 8.951200 -0.025512 0.029829 0.999229 -0.286600 0.000000 0.000000 0.000000 1.000000
0.998477 -0.048156 0.026922 0.000000 0.048920 0.998397 -0.028482 8.951200 -0.025508 0.029755 0.999232 -0.286600 0.000000 0.000000 0.000000 1.000000
0.998477 -0.048153 0.026909 0.000000 0.048912 0.998402 -0.028315 8.951200 -0.025502 0.029588 0.999237 -0.286600 0.000000 0.000000 0.000000 1.000000
0.998477 -0.048170 0.026880 -0.000000 0.048920 0.998410 -0.027997 8.951200 -0.025489 0.029270 0.999247 -0.286600 0.000000 0.000000 0.000000 1.000000
0.998478 -0.048195 0.026828 0.000000 0.048935 0.998420 -0.027613 8.951200 -0.025455 0.028884 0.999259 -0.286600 0.000000 0.000000 0.000000 1.000000
0.998480 -0.048209 0.026719 0.000000 0.048935 0.998430 -0.027249 8.951200 -0.025363 0.028515 0.999272 -0.286600 0.000000 0.000000 0.000000 1.000000
0.998484 -0.048187 0.026617 0.000000 0.048903 0.998440 -0.026938 8.951200 -0.025278 0.028199 0.999283 -0.286600 0.000000 0.000000 0.000000 1.000000
0.998488 -0.048126 0.026566 0.000000 0.048834 0.998451 -0.026659 8.951200 -0.025242 0.027916 0.999292 -0.286600 0.000000 0.000000 0.000000 1.000000
0.998494 -0.048019 0.026538 0.000000 0.048719 0.998463 -0.026410 8.951200 -0.025229 0.027663 0.999299 -0.286600 0.000000 0.000000 0.000000 1.000000
0.998500 -0.047906 0.026520 0.000000 0.048602 0.998474 -0.026236 8.951200 -0.025222 0.027486 0.999304 -0.286600 0.000000 0.000000 0.000000 1.000000
0.998504 -0.047826 0.026501 -0.000000 0.048520 0.998480 -0.026159 8.951200 -0.025210 0.027406 0.999306 -0.286600 0.000000 0.000000 0.000000 1.000000
0.998506 -0.047796 0.026481 0.000000 0.048487 0.998482 -0.026115 8.951200 -0.025192 0.027360 0.999308 -0.286600 0.000000 0.000000 0.000000 1.000000
0.998506 -0.047814 0.026460 0.000000 0.048504 0.998482 -0.026078 8.951200 -0.025172 0.027322 0.999310 -0.286600 0.000000 0.000000 0.000000 1.000000
0.998505 -0.047840 0.026432 0.000000 0.048528 0.998483 -0.026010 8.951200 -0.025148 0.027254 0.999312 -0.286600 0.000000 0.000000 0.000000 1.000000
0.998506 -0.047856 0.026392 -0.000000 0.048539 0.998486 -0.025877 8.951200 -0.025114 0.027120 0.999317 -0.286600 0.000000 0.000000 0.000000 1.000000
0.998506 -0.047868 0.026334 -0.000000 0.048548 0.998488 -0.025801 8.951200 -0.025059 0.027041 0.999320 -0.286600 0.000000 0.000000 0.000000 1.000000
0.998509 -0.047870 0.026228 0.000000 0.048545 0.998489 -0.025750 8.951200 -0.024956 0.026985 0.999324 -0.286600 0.000000 0.000000 0.000000 1.000000
0.998513 -0.047848 0.026107 -0.000000 0.048519 0.998491 -0.025710 8.951200 -0.024838 0.026938 0.999328 -0.286600 0.000000 0.000000 0.000000 1.000000
0.998518 -0.047808 0.025999 0.000000 0.048476 0.998494 -0.025679 8.951200 -0.024732 0.026901 0.999332 -0.286600 0.000000 0.000000 0.000000 1.000000
0.998523 -0.047763 0.025906 0.000000 0.048428 0.998497 -0.025657 8.951200 -0.024641 0.026873 0.999335 -0.286600 0.000000 0.000000 0.000000 1.000000
0.998527 -0.047710 0.025829 0.000000 0.048372 0.998500 -0.025642 8.951200 -0.024567 0.026854 0.999337 -0.286600 0.000000 0.000000 0.000000 1.000000
0.998532 -0.047650 0.025755 -0.000000 0.048310 0.998503 -0.025635 8.951200 -0.024495 0.026842 0.999340 -0.286600 0.000000 0.000000 0.000000 1.000000
0.998536 -0.047610 0.025670 0.000000 0.048268 0.998505 -0.025634 8.951200 -0.024411 0.026835 0.999342 -0.286600 0.000000 0.000000 0.000000 1.000000
0.998540 -0.047586 0.025581 0.000000 0.048241 0.998507 -0.025637 8.951200 -0.024323 0.026834 0.999344 -0.286600 0.000000 0.000000 0.000000 1.000000
0.998542 -0.047563 0.025518 -0.000000 0.048216 0.998508 -0.025644 8.951200 -0.024261 0.026837 0.999345 -0.286600 0.000000 0.000000 0.000000 1.000000
0.998545 -0.047524 0.025497 0.000000 0.048178 0.998509 -0.025654 8.951200 -0.024239 0.026845 0.999346 -0.286600 0.000000 0.000000 0.000000 1.000000
0.998547 -0.047470 0.025501 0.000000 0.048124 0.998512 -0.025667 8.951200 -0.024245 0.026857 0.999345 -0.286600 0.000000 0.000000 0.000000 1.000000
0.998550 -0.047408 0.025505 0.000000 0.048062 0.998514 -0.025682 8.951200 -0.024249 0.026870 0.999345 -0.286600 0.000000 0.000000 0.000000 1.000000
0.998553 -0.047347 0.025507 0.000000 0.048002 0.998517 -0.025697 8.951200 -0.024252 0.026884 0.999344 -0.286600 0.000000 0.000000 0.000000 1.000000
0.998556 -0.047278 0.025508 0.000000 0.047933 0.998520 -0.025713 8.951200 -0.024255 0.026898 0.999344 -0.286600 0.000000 0.000000 0.000000 1.000000
0.998560 -0.047191 0.025509 0.000000 0.047847 0.998523 -0.025728 8.951200 -0.024258 0.026911 0.999343 -0.286600 0.000000 0.000000 0.000000 1.000000
0.998565 -0.047096 0.025511 0.000000 0.047752 0.998528 -0.025740 8.951200 -0.024261 0.026922 0.999343 -0.286600 0.000000 0.000000 0.000000 1.000000
0.998569 -0.046994 0.025513 0.000000 0.047650 0.998532 -0.025750 8.951200 -0.024265 0.026929 0.999343 -0.286600 0.000000 0.000000 0.000000 1.000000
0.998574 -0.046885 0.025515 0.000000 0.047542 0.998537 -0.025757 8.951200 -0.024270 0.026933 0.999343 -0.286600 0.000000 0.000000 0.000000 1.000000
0.998579 -0.046779 0.025519 0.000000 0.047435 0.998542 -0.025760 8.951200 -0.024277 0.026934 0.999342 -0.286600 0.000000 0.000000 0.000000 1.000000
0.998583 -0.046691 0.025523 -0.000000 0.047348 0.998546 -0.025757 8.951200 -0.024283 0.026929 0.999342 -0.286600 0.000000 0.000000 0.000000 1.000000
0.998586 -0.046636 0.025527 -0.000000 0.047292 0.998549 -0.025755 8.951200 -0.024289 0.026925 0.999342 -0.286600 0.000000 0.000000 0.000000 1.000000
0.998582 -0.046711 0.025527 -0.000000 0.047367 0.998546 -0.025752 8.951200 -0.024287 0.026925 0.999342 -0.286600 0.000000 0.000000 0.000000 1.000000</float_array>
        <technique_common>
          <accessor source="#mixamorig2_Spine-Matrix-animation-output-transform-array" count="79" stride="16">
            <param type="float4x4"/>
          </accessor>
        </technique_common>
      </source>
      <source id="mixamorig2_Spine-Interpolations">
        <Name_array id="mixamorig2_Spine-Interpolations-array" count="79">
 LINEAR LINEAR LINEAR LINEAR LINEAR LINEAR LINEAR LINEAR LINEAR LINEAR LINEAR
LINEAR LINEAR LINEAR LINEAR LINEAR LINEAR LINEAR LINEAR LINEAR LINEAR LINEAR LINEAR
LINEAR LINEAR LINEAR LINEAR LINEAR LINEAR LINEAR LINEAR LINEAR LINEAR LINEAR LINEAR
LINEAR LINEAR LINEAR LINEAR LINEAR LINEAR LINEAR LINEAR LINEAR LINEAR LINEAR LINEAR
LINEAR LINEAR LINEAR LINEAR LINEAR LINEAR LINEAR LINEAR LINEAR LINEAR LINEAR LINEAR
LINEAR LINEAR LINEAR LINEAR LINEAR LINEAR LINEAR LINEAR LINEAR LINEAR LINEAR LINEAR
LINEAR LINEAR LINEAR LINEAR LINEAR LINEAR LINEAR LINEAR</Name_array>
        <technique_common>
          <accessor source="#mixamorig2_Spine-Interpolations-array" count="79">
            <param type="name"/>
          </accessor>
        </technique_common>
      </source>
      <sampler id="mixamorig2_Spine-Matrix-animation-transform">
        <input semantic="INPUT" source="#mixamorig2_Spine-Matrix-animation-input"/>
        <input semantic="OUTPUT" source="#mixamorig2_Spine-Matrix-animation-output-transform"/>
        <input semantic="INTERPOLATION" source="#mixamorig2_Spine-Interpolations"/>
      </sampler>
      <channel source="#mixamorig2_Spine-Matrix-animation-transform" target="mixamorig2_Spine/matrix"/>
    </animation>
    <animation id="mixamorig2_Spine1-anim" name="mixamorig2_Spine1">
      <source id="mixamorig2_Spine1-Matrix-animation-input">
        <float_array id="mixamorig2_Spine1-Matrix-animation-input-array" count="79">

0.000000 0.033333 0.066667 0.100000 0.133333 0.166667 0.200000 0.233333 0.266667 0.300000 0.333333 0.366667 0.400000 0.433333 0.466667 0.500000
0.533333 0.566667 0.600000 0.633333 0.666667 0.700000 0.733333 0.766667 0.800000 0.833333 0.866667 0.900000 0.933333 0.966667 1.000000 1.033333
1.066667 1.100000 1.133333 1.166667 1.200000 1.233333 1.266667 1.300000 1.333333 1.366667 1.400000 1.433333 1.466667 1.500000 1.533333 1.566667
1.600000 1.633333 1.666667 1.700000 1.733333 1.766667 1.800000 1.833333 1.866667 1.900000 1.933333 1.966667 2.000000 2.033333 2.066667 2.100000
2.133333 2.166667 2.200000 2.233333 2.266667 2.300000 2.333333 2.366667 2.400000 2.433333 2.466667 2.500000 2.533333 2.566667 2.600000</float_array>
        <technique_common>
          <accessor source="#mixamorig2_Spine1-Matrix-animation-input-array" count="79">
            <param name="TIME" type="float"/>
          </accessor>
        </technique_common>
      </source>
      <source id="mixamorig2_Spine1-Matrix-animation-output-transform">
        <float_array id="mixamorig2_Spine1-Matrix-animation-output-transform-array" count="1264">

0.999610 -0.027442 0.005254 0.000000 0.027542 0.999418 -0.020113 10.448400 -0.004699 0.020250 0.999784 0.000000 0.000000 0.000000 0.000000 1.000000
0.999610 -0.027442 0.005254 0.000000 0.027542 0.999418 -0.020113 10.448400 -0.004699 0.020250 0.999784 0.000000 0.000000 0.000000 0.000000 1.000000
0.999606 -0.027577 0.005249 -0.000000 0.027677 0.999416 -0.020032 10.448400 -0.004694 0.020170 0.999786 -0.000000 0.000000 0.000000 0.000000 1.000000
0.999602 -0.027720 0.005245 0.000000 0.027819 0.999416 -0.019849 10.448400 -0.004692 0.019987 0.999789 -0.000000 0.000000 0.000000 0.000000 1.000000
0.999597 -0.027896 0.005341 -0.000000 0.027996 0.999413 -0.019728 10.448400 -0.004787 0.019870 0.999791 0.000000 0.000000 0.000000 0.000000 1.000000
0.999591 -0.028077 0.005428 0.000000 0.028179 0.999409 -0.019711 10.448400 -0.004871 0.019856 0.999791 0.000000 0.000000 0.000000 0.000000 1.000000
0.999586 -0.028249 0.005513 -0.000000 0.028353 0.999402 -0.019816 10.448400 -0.004950 0.019964 0.999788 0.000000 0.000000 0.000000 0.000000 1.000000
0.999581 -0.028413 0.005606 0.000000 0.028520 0.999392 -0.020051 10.448400 -0.005032 0.020203 0.999783 0.000000 0.000000 0.000000 0.000000 1.000000
0.999576 -0.028566 0.005725 -0.000000 0.028677 0.999381 -0.020354 10.448400 -0.005140 0.020509 0.999776 0.000000 0.000000 0.000000 0.000000 1.000000
0.999571 -0.028695 0.005859 0.000000 0.028810 0.999370 -0.020724 10.448400 -0.005260 0.020884 0.999768 0.000000 0.000000 0.000000 0.000000 1.000000
0.999568 -0.028789 0.005980 -0.000000 0.028910 0.999358 -0.021173 10.448400 -0.005367 0.021336 0.999758 0.000000 0.000000 0.000000 0.000000 1.000000
0.999564 -0.028880 0.006068 -0.000000 0.029005 0.999345 -0.021650 10.448400 -0.005438 0.021816 0.999747 0.000000 0.000000 0.000000 0.000000 1.000000
0.999561 -0.028984 0.006141 -0.000000 0.029113 0.999333 -0.022048 10.448400 -0.005498 0.022217 0.999738 0.000000 0.000000 0.000000 0.000000 1.000000
0.999557 -0.029106 0.006220 -0.000000 0.029238 0.999324 -0.022306 10.448400 -0.005566 0.022478 0.999732 0.000000 0.000000 0.000000 0.000000 1.000000
0.999553 -0.029233 0.006317 0.000000 0.029368 0.999316 -0.022470 10.448400 -0.005656 0.022646 0.999728 0.000000 0.000000 0.000000 0.000000 1.000000
0.999549 -0.029337 0.006480 0.000000 0.029477 0.999309 -0.022624 10.448400 -0.005812 0.022805 0.999723 0.000000 0.000000 0.000000 0.000000 1.000000
0.999544 -0.029434 0.006700 -0.000000 0.029579 0.999302 -0.022817 10.448400 -0.006024 0.023005 0.999717 0.000000 0.000000 0.000000 0.000000 1.000000
0.999539 -0.029550 0.006933 0.000000 0.029702 0.999293 -0.023038 10.448400 -0.006247 0.023234 0.999711 0.000000 0.000000 0.000000 0.000000 1.000000
0.999533 -0.029723 0.007128 -0.000000 0.029881 0.999284 -0.023190 10.448400 -0.006434 0.023392 0.999706 0.000000 0.000000 0.000000 0.000000 1.000000
0.999525 -0.029948 0.007261 0.000000 0.030109 0.999277 -0.023221 10.448400 -0.006560 0.023429 0.999704 0.000000 0.000000 0.000000 0.000000 1.000000
0.999517 -0.030178 0.007354 0.000000 0.030341 0.999271 -0.023182 10.448400 -0.006649 0.023394 0.999704 0.000000 0.000000 0.000000 0.000000 1.000000
0.999511 -0.030368 0.007450 0.000000 0.030532 0.999269 -0.023012 10.448400 -0.006746 0.023228 0.999707 0.000000 0.000000 0.000000 0.000000 1.000000
0.999506 -0.030509 0.007572 -0.000000 0.030674 0.999270 -0.022777 10.448400 -0.006872 0.022998 0.999712 -0.000000 0.000000 0.000000 0.000000 1.000000
0.999501 -0.030633 0.007747 -0.000000 0.030801 0.999271 -0.022535 10.448400 -0.007051 0.022762 0.999716 0.000000 0.000000 0.000000 0.000000 1.000000
0.999495 -0.030774 0.007978 0.000000 0.030945 0.999270 -0.022387 10.448400 -0.007284 0.022622 0.999718 0.000000 0.000000 0.000000 0.000000 1.000000
0.999488 -0.030913 0.008222 0.000000 0.031091 0.999265 -0.022407 10.448400 -0.007523 0.022651 0.999715 -0.000000 0.000000 0.000000 0.000000 1.000000
0.999484 -0.031008 0.008395 0.000000 0.031191 0.999257 -0.022634 10.448400 -0.007687 0.022884 0.999709 0.000000 0.000000 0.000000 0.000000 1.000000
0.999481 -0.031075 0.008479 0.000000 0.031263 0.999245 -0.023065 10.448400 -0.007756 0.023319 0.999698 0.000000 0.000000 0.000000 0.000000 1.000000
0.999478 -0.031157 0.008520 0.000000 0.031351 0.999227 -0.023713 10.448400 -0.007774 0.023968 0.999683 -0.000000 0.000000 0.000000 0.000000 1.000000
0.999473 -0.031305 0.008544 0.000000 0.031507 0.999202 -0.024553 10.448400 -0.007769 0.024810 0.999662 0.000000 0.000000 0.000000 0.000000 1.000000
0.999468 -0.031457 0.008557 0.000000 0.031666 0.999174 -0.025470 10.448400 -0.007749 0.025728 0.999639 0.000000 0.000000 0.000000 0.000000 1.000000
0.999465 -0.031570 0.008562 0.000000 0.031785 0.999149 -0.026269 10.448400 -0.007725 0.026527 0.999618 0.000000 0.000000 0.000000 0.000000 1.000000
0.999463 -0.031638 0.008559 0.000000 0.031857 0.999133 -0.026809 10.448400 -0.007703 0.027067 0.999604 0.000000 0.000000 0.000000 0.000000 1.000000
0.999462 -0.031673 0.008521 -0.000000 0.031893 0.999124 -0.027111 10.448400 -0.007654 0.027368 0.999596 0.000000 0.000000 0.000000 0.000000 1.000000
0.999462 -0.031695 0.008433 -0.000000 0.031914 0.999118 -0.027284 10.448400 -0.007560 0.027538 0.999592 0.000000 0.000000 0.000000 0.000000 1.000000
0.999462 -0.031719 0.008307 0.000000 0.031935 0.999116 -0.027346 10.448400 -0.007432 0.027596 0.999592 -0.000000 0.000000 0.000000 0.000000 1.000000
0.999462 -0.031766 0.008112 0.000000 0.031976 0.999116 -0.027273 10.448400 -0.007239 0.027518 0.999595 0.000000 0.000000 0.000000 0.000000 1.000000
0.999462 -0.031830 0.007883 -0.000000 0.032032 0.999122 -0.027005 10.448400 -0.007016 0.027243 0.999604 -0.000000 0.000000 0.000000 0.000000 1.000000
0.999462 -0.031884 0.007712 0.000000 0.032079 0.999129 -0.026686 10.448400 -0.006854 0.026919 0.999614 0.000000 0.000000 0.000000 0.000000 1.000000
0.999461 -0.031917 0.007666 0.000000 0.032110 0.999133 -0.026502 10.448400 -0.006813 0.026734 0.999619 0.000000 0.000000 0.000000 0.000000 1.000000
0.999460 -0.031943 0.007670 -0.000000 0.032136 0.999132 -0.026507 10.448400 -0.006817 0.026739 0.999619 0.000000 0.000000 0.000000 0.000000 1.000000
0.999459 -0.031964 0.007699 0.000000 0.032158 0.999130 -0.026551 10.448400 -0.006843 0.026785 0.999618 0.000000 0.000000 0.000000 0.000000 1.000000
0.999459 -0.031978 0.007727 0.000000 0.032173 0.999131 -0.026505 10.448400 -0.006872 0.026739 0.999619 -0.000000 0.000000 0.000000 0.000000 1.000000
0.999458 -0.031986 0.007728 0.000000 0.032178 0.999139 -0.026205 10.448400 -0.006883 0.026439 0.999627 -0.000000 0.000000 0.000000 0.000000 1.000000
0.999459 -0.031985 0.007667 0.000000 0.032172 0.999154 -0.025619 10.448400 -0.006841 0.025852 0.999642 0.000000 0.000000 0.000000 0.000000 1.000000
0.999461 -0.031974 0.007485 -0.000000 0.032151 0.999173 -0.024873 10.448400 -0.006683 0.025101 0.999663 0.000000 0.000000 0.000000 0.000000 1.000000
0.999463 -0.031954 0.007256 -0.000000 0.032121 0.999193 -0.024136 10.448400 -0.006479 0.024356 0.999682 0.000000 0.000000 0.000000 0.000000 1.000000
0.999465 -0.031930 0.007085 0.000000 0.032089 0.999209 -0.023485 10.448400 -0.006329 0.023700 0.999699 0.000000 0.000000 0.000000 0.000000 1.000000
0.999467 -0.031883 0.007040 -0.000000 0.032037 0.999224 -0.022898 10.448400 -0.006305 0.023111 0.999713 0.000000 0.000000 0.000000 0.000000 1.000000
0.999469 -0.031819 0.007038 0.000000 0.031969 0.999239 -0.022368 10.448400 -0.006321 0.022581 0.999725 -0.000000 0.000000 0.000000 0.000000 1.000000
0.999471 -0.031740 0.007056 0.000000 0.031888 0.999250 -0.021979 10.448400 -0.006353 0.022192 0.999734 0.000000 0.000000 0.000000 0.000000 1.000000
0.999475 -0.031624 0.007080 0.000000 0.031772 0.999257 -0.021802 10.448400 -0.006385 0.022016 0.999737 0.000000 0.000000 0.000000 0.000000 1.000000
0.999477 -0.031544 0.007094 0.000000 0.031691 0.999261 -0.021759 10.448400 -0.006403 0.021973 0.999738 -0.000000 0.000000 0.000000 0.000000 1.000000
0.999479 -0.031502 0.007085 0.000000 0.031649 0.999263 -0.021722 10.448400 -0.006395 0.021935 0.999739 0.000000 0.000000 0.000000 0.000000 1.000000
0.999480 -0.031460 0.007039 0.000000 0.031606 0.999268 -0.021572 10.448400 -0.006355 0.021783 0.999743 -0.000000 0.000000 0.000000 0.000000 1.000000
0.999483 -0.031412 0.006899 0.000000 0.031552 0.999274 -0.021333 10.448400 -0.006224 0.021539 0.999749 0.000000 0.000000 0.000000 0.000000 1.000000
0.999486 -0.031347 0.006683 -0.000000 0.031482 0.999281 -0.021118 10.448400 -0.006016 0.021317 0.999755 0.000000 0.000000 0.000000 0.000000 1.000000
0.999491 -0.031255 0.006445 0.000000 0.031384 0.999287 -0.020977 10.448400 -0.005785 0.021169 0.999759 0.000000 0.000000 0.000000 0.000000 1.000000
0.999495 -0.031162 0.006216 -0.000000 0.031285 0.999293 -0.020866 10.448400 -0.005562 0.021050 0.999763 0.000000 0.000000 0.000000 0.000000 1.000000
