6.000,30,180,65
B0,mixamorig2_Hips,-1,0.9935994744300842,-0.05755610018968582,0.09720063954591751,0,0.0593239888548851,0.9981204867362976,-0.015397037379443645,0,-0.09613193571567535,0.021064961329102516,0.9951460957527161,0,5.158224582672119,99.2907485961914,0.152909517288208,1
B1,mixamorig2_Spine,0,0.9995459914207458,0.029410362243652344,-0.006565575022250414,0,-0.029481325298547745,0.9995060563087463,-0.010870487429201603,0,0.006242649629712105,0.011059524491429329,0.999919056892395,0,0,8.951164245605469,-0.2866419851779938,1
B2,mixamorig2_Spine1,1,0.9984539747238159,0.05451132729649544,-0.01083803828805685,0,-0.05400613695383072,0.9976388216018677,0.042439062148332596,0,0.013125299476087093,-0.04178791493177414,0.9990407824516296,0,0,10.448369026184082,0,1
B3,mixamorig2_Spine2,2,0.9984539747238159,0.05451132729649544,-0.01083803828805685,0,-0.05400613695383072,0.9976388216018677,0.042439062148332596,0,0.013125299476087093,-0.04178791493177414,0.9990407824516296,0,0,11.940993309020996,0,1
B4,mixamorig2_Neck,3,0.9999909996986389,0.004270562436431646,-0.00018435006495565176,0,-0.00427456246688962,0.9995740652084351,-0.028866861015558243,0,0.00006135005969554186,0.028866900131106377,0.9995830655097961,0,0,13.433625221252441,9.999999974752427e-7,1
B5,mixamorig2_Head,4,0.9999909996986389,0.0042625246569514275,-0.0003204250824637711,0,-0.00427456246688962,0.9981381297111511,-0.06084486097097397,0,0.00006135005969554186,0.060845863074064255,0.9981471300125122,0,0,8.477264404296875,0.4430760145187378,1
B6,mixamorig2_HeadTop_End,5,1,0,0,0,0,1,0,0,0,0,1,0,0,21.3067626953125,1.1136269569396973,1
B7,mixamorig2_LeftShoulder,3,0.0966678187251091,0.011585550382733345,-0.9952497482299805,0,0.8820505142211914,-0.46426722407341003,0.08026856929063797,0,-0.4611314833164215,-0.8856194615364075,-0.0550990104675293,0,5.225269794464111,11.903480529785156,-0.04664799943566322,1
B8,mixamorig2_LeftArm,7,0.9122240543365479,0.34693706035614014,-0.2179044634103775,0,-0.03802362456917763,0.6012750864028931,0.7981367111206055,0,0.40792346000671387,-0.7197936773300171,0.5616886615753174,0,0,10.833415985107422,0,1
B9,mixamorig2_LeftForeArm,8,0.9889389276504517,0.14709651470184326,0.01905728690326214,0,-0.14716152846813202,0.9891099333763123,0.0020459999796003103,0,-0.01854928582906723,-0.004827925004065037,0.9998160600662231,0,0,25.510347366333008,0,1
B10,mixamorig2_LeftHand,9,0.9361830949783325,0.23454561829566956,0.26181915402412415,0,-0.19183358550071716,0.9650439620018005,-0.1785793900489807,0,-0.29455140233039856,0.11695759743452072,0.948451042175293,0,0,24.506214141845703,0,1
B11,mixamorig2_LeftHandThumb1,10,0.9796680212020874,0.1997310072183609,-0.01893099956214428,0,-0.177729994058609,0.9077659845352173,0.3799630105495453,0,0.0930759608745575,-0.3688730001449585,0.9248080253601074,0,-2.9266910552978516,3.0195651054382324,1.2418489456176758,1
B12,mixamorig2_LeftHandThumb2,11,0.9987729787826538,0.04380103573203087,-0.023088037967681885,0,-0.04501200094819069,0.9974809885025024,-0.054816000163555145,0,0.020628999918699265,0.05578799918293953,0.9982290267944336,0,-0.690284013748169,3.4391520023345947,0,1
B13,mixamorig2_LeftHandThumb3,12,0.9818019866943359,0.18805494904518127,0.02645999938249588,0,-0.18794900178909302,0.9821580052375793,-0.006438000127673149,0,-0.027197999879717827,0.001348000019788742,0.999629020690918,0,0.15244099497795105,3.077320098876953,0,1
B14,mixamorig2_LeftHandThumb4,13,1,0,0,0,0,1,0,0,0,0,1,0,0.5378419756889343,2.2105820178985596,0,1
B15,mixamorig2_LeftHandIndex1,10,0.9875829815864563,-0.10604800283908844,0.11590100079774857,0,0.07783003896474838,0.9711520075798035,0.22540199756622314,0,-0.13646100461483002,-0.21358299255371094,0.9673470258712769,0,-3.3370718955993652,9.13630485534668,0.11773400008678436,1
B16,mixamorig2_LeftHandIndex2,15,0.9996060132980347,-0.026117999106645584,-0.010273000225424767,0,0.02762800082564354,0.9801139831542969,0.1965029537677765,0,0.004936962388455868,-0.19670900702476501,0.9804490804672241,0,0.009038999676704407,3.075921058654785,0,1
B17,mixamorig2_LeftHandIndex3,16,1,0.00003296249997220002,-9.999999974752427e-7,0,-0.00003296249997220002,1,-9.999999974752427e-7,0,9.999999974752427e-7,9.999999974752427e-7,1,0,-0.0048779998905956745,2.800204038619995,0,1
B18,mixamorig2_LeftHandIndex4,17,1,0,0,0,0,1,0,0,0,0,1,0,-0.004160999786108732,2.445672035217285,0,1
B19,mixamorig2_LeftHandMiddle1,10,0.9997360110282898,-0.0159939993172884,0.016479037702083588,0,0.013044999912381172,0.9860919713973999,0.16568699479103088,0,-0.01889999955892563,-0.16542895138263702,0.9860410094261169,0,-0.9397289752960205,9.032718658447266,-0.17166699469089508,1
B20,mixamorig2_LeftHandMiddle2,19,1,-0.0008583622984588146,-0.0002694374416023493,0,0.0008933248464018106,0.983370304107666,0.1816084086894989,0,0.00010903750080615282,-0.1816084384918213,0.983370304107666,0,0.008674000389873981,3.3074300289154053,0,1
B21,mixamorig2_LeftHandMiddle3,20,1,0.0000870000003487803,-0.000006000000666972483,0,-0.0000870000003487803,1,0,0,0.000006000000666972483,0,1,0,-0.004745999816805124,3.105441093444824,0,1
B22,mixamorig2_LeftHandMiddle4,21,1,0,0,0,0,1,0,0,0,0,1,0,-0.00392800010740757,2.7340919971466064,0,1
B23,mixamorig2_LeftHandRing1,10,0.9995183348655701,-0.010554824024438858,-0.029166249558329582,0,0.019838573411107063,0.9403730630874634,0.3395644426345825,0,0.023843351751565933,-0.339978963136673,0.9401299357414246,0,1.114866018295288,9.026545524597168,-0.13853099942207336,1
B24,mixamorig2_LeftHandRing2,23,0.9999890327453613,-0.0042668115347623825,0.0017907876754179597,0,0.003783836727961898,0.9766903519630432,0.21461667120456696,0,-0.002664487576112151,-0.21460771560668945,0.976696252822876,0,0.00535999983549118,2.751138925552368,0,1
B25,mixamorig2_LeftHandRing3,24,1,0.0003020000003743917,-0.00003400000059627928,0,-0.0003020000003743917,1,0,0,0.00003400000059627928,0,1,0,-0.003269999986514449,2.789292097091675,0,1
B26,mixamorig2_LeftHandRing4,25,1,0,0,0,0,1,0,0,0,0,1,0,-0.0020910000894218683,2.3826000690460205,0,1
B27,mixamorig2_LeftHandPinky1,10,0.9946847558021545,-0.009222573600709438,-0.1025569811463356,0,0.0636613741517067,0.8379044532775879,0.5420905351638794,0,0.08093364536762238,-0.5457378625869751,0.834038257598877,0,3.1619350910186768,8.506034851074219,0.054604001343250275,1
B28,mixamorig2_LeftHandPinky2,27,0.9980989098548889,0.06005808711051941,0.013842938467860222,0,-0.06076057627797127,0.921179473400116,0.3843623995780945,0,0.010332376696169376,-0.3844734728336334,0.9230775237083435,0,0.002400000113993883,2.4800570011138916,0,1
B29,mixamorig2_LeftHandPinky3,28,1,0.00013000000035390258,-0.000006000000212225132,0,-0.00013000000035390258,1,0,0,0.000006000000212225132,0,1,0,-0.0013940000208094716,2.0799319744110107,0,1
B30,mixamorig2_LeftHandPinky4,29,1,0,0,0,0,1,0,0,0,0,1,0,-0.0010059999767690897,1.8426380157470703,0,1
B31,mixamorig2_RightShoulder,3,0.03206722438335419,-0.01626400090754032,0.9993537664413452,0,-0.9041897654533386,-0.4265594184398651,0.022070588544011116,0,0.42592519521713257,-0.9043128490447998,-0.028384700417518616,0,-5.225269794464111,11.903631210327148,-0.05134499818086624,1
B32,mixamorig2_RightArm,31,0.8536178469657898,-0.35428059101104736,0.381865918636322,0,-0.08334418386220932,0.6307525038719177,0.7714948058128357,0,-0.514189600944519,-0.6903883814811707,0.5088948607444763,0,0,10.833415985107422,0,1
B33,mixamorig2_RightForeArm,32,0.9746271371841431,-0.22281651198863983,-0.021297462284564972,0,0.22293254733085632,0.9748284816741943,0.003190375166013837,0,0.020050112158060074,-0.007856300100684166,0.9997676610946655,0,0,25.508930206298828,0,1
B34,mixamorig2_RightHand,33,0.8662876486778259,-0.19584721326828003,-0.4595537483692169,0,0.004397254437208176,0.9228978157043457,-0.3850196301937103,0,0.49952617287635803,0.3315170109272003,0.8003565073013306,0,0,24.507230758666992,0,1
B35,mixamorig2_RightHandThumb1,34,0.9807699918746948,-0.19244499504566193,-0.032485999166965485,0,0.19070899486541748,0.9096199870109558,0.3690820038318634,0,-0.041478000581264496,-0.3681800067424774,0.9288290143013,0,2.7198400497436523,2.723615884780884,1.1863800287246704,1
B36,mixamorig2_RightHandThumb2,35,0.9993360042572021,0.034657999873161316,0.011246000416576862,0,-0.034556999802589417,0.9993619918823242,-0.009019000455737114,0,-0.01155100017786026,0.008623999543488026,0.9998959898948669,0,0.5568919777870178,3.1737470626831055,0,1
B37,mixamorig2_RightHandThumb3,36,0.9981489777565002,-0.060784999281167984,0.002066962420940399,0,0.060784999281167984,0.9981510043144226,0.0002570000069681555,0,-0.0020789625123143196,-0.00013099999341648072,0.9999979734420776,0,-0.20648500323295593,3.249340057373047,0,1
B38,mixamorig2_RightHandThumb4,37,1,0,0,0,0,1,0,0,0,0,1,0,-0.3504070043563843,2.8046889305114746,0,1
B39,mixamorig2_RightHandIndex1,34,0.9928833246231079,0.034906838089227676,-0.11385951936244965,0,0.004215911962091923,0.9451761841773987,0.32653287053108215,0,0.11901597678661346,-0.32468876242637634,0.9383024573326111,0,3.2839279174804688,9.167885780334473,0.011969000101089478,1
B40,mixamorig2_RightHandIndex2,39,0.9999001622200012,0.01410477515310049,0.0007120247464627028,0,-0.014013550244271755,0.9846420288085938,0.1740201860666275,0,0.0017536624800413847,-0.1740131378173828,0.9847409129142761,0,-0.0012659999774768949,3.0428860187530518,0,1
B41,mixamorig2_RightHandIndex3,40,1,-0.0009510000236332417,0.00002300000051036477,0,0.0009510000236332417,1,9.999999974752427e-7,0,-0.00002300000051036477,-9.999999974752427e-7,1,0,0.001943000010214746,2.8646841049194336,0,1
B42,mixamorig2_RightHandIndex4,41,1,0,0,0,0,1,0,0,0,0,1,0,-0.0006769999745301902,2.43232798576355,0,1
B43,mixamorig2_RightHandMiddle1,34,0.999993085861206,-0.0033199116587638855,0.0014155751559883356,0,0.0027727617416530848,0.9577569365501404,0.28756183385849,0,-0.0023112124763429165,-0.28755587339401245,0.9577599167823792,0,0.9547179937362671,8.974767684936523,0.024893000721931458,1
B44,mixamorig2_RightHandMiddle2,43,0.9998952150344849,-0.01423694845288992,-0.002605249872431159,0,0.014456648379564285,0.9737030267715454,0.22735744714736938,0,-0.0007009248365648091,-0.22737140953540802,0.9738067984580994,0,0.0024429999757558107,3.1964330673217773,0,1
B45,mixamorig2_RightHandMiddle3,44,1,-0.00046499999007210135,0.000050999999075429514,0,0.00046499999007210135,1,0,0,-0.000050999999075429514,0,1,0,-0.0006319999811239541,3.1865971088409424,0,1
B46,mixamorig2_RightHandMiddle4,45,1,0,0,0,0,1,0,0,0,0,1,0,-0.0018119999440386891,2.754849910736084,0,1
B47,mixamorig2_RightHandRing1,34,0.9992133378982544,-0.03648585081100464,-0.015567362308502197,0,0.039658986032009125,0.927450954914093,0.3718357980251312,0,0.0008711502887308598,-0.3721607029438019,0.9281675219535828,0,-1.1522270441055298,9.077608108520508,-0.23344700038433075,1
B48,mixamorig2_RightHandRing2,47,0.9999141693115234,-0.011231024749577045,-0.006686012726277113,0,0.012269088067114353,0.9829023480415344,0.18371421098709106,0,0.0045077623799443245,-0.18378014862537384,0.9829562306404114,0,0.0025679999962449074,2.8696188926696777,0,1
B49,mixamorig2_RightHandRing3,48,0.9999989867210388,0.0010450000409036875,-0.000050999999075429514,0,-0.0010450000409036875,0.9999989867210388,9.999999974752427e-7,0,0.000050999999075429514,-9.999999974752427e-7,1,0,-0.002650999929755926,2.695854902267456,0,1
B50,mixamorig2_RightHandRing4,49,1,0,0,0,0,1,0,0,0,0,1,0,0.00008299999899463728,2.287369966506958,0,1
B51,mixamorig2_RightHandPinky1,34,0.998593807220459,-0.04601680114865303,0.026338523253798485,0,0.032244790345430374,0.9213969111442566,0.3872826397418976,0,-0.04209023714065552,-0.3858884572982788,0.9215849041938782,0,-3.086419105529785,8.37469482421875,0.15377900004386902,1
B52,mixamorig2_RightHandPinky2,51,0.9969277381896973,-0.07489511370658875,-0.022911937907338142,0,0.0781053975224495,0.9724035263061523,0.21984191238880157,0,0.005814300384372473,-0.22095690667629242,0.9752658009529114,0,0.0031900000758469105,2.5383799076080322,0,1
B53,mixamorig2_RightHandPinky3,52,1,0.00021899999410379678,-0.000011000000085914508,0,-0.00021899999410379678,1,0,0,0.000011000000085914508,0,1,0,-0.0018810000037774444,2.145634889602661,0,1
B54,mixamorig2_RightHandPinky4,53,1,0,0,0,0,1,0,0,0,0,1,0,-0.0013089999556541443,1.9494119882583618,0,1
B55,mixamorig2_LeftUpLeg,0,-0.9863626956939697,-0.15094569325447083,0.06559832394123077,0,0.16285543143749237,-0.9527326822280884,0.25647127628326416,0,0.023784324526786804,0.26365721225738525,0.9643229246139526,0,8.899667739868164,-4.969727039337158,-0.7815769910812378,1
B56,mixamorig2_LeftLeg,55,0.9997739791870117,-0.020415475592017174,0.005909400060772896,0,0.02121136337518692,0.9409946203231812,-0.33775678277015686,0,0.0013349250657483935,0.33780577778816223,0.9412146210670471,0,0,42.86503219604492,0,1
B57,mixamorig2_LeftFoot,56,0.9488943219184875,-0.0020713377743959427,0.3155861794948578,0,-0.2662856876850128,0.5314505100250244,0.8041470646858215,0,-0.16938462853431702,-0.8470871448516846,0.5037385821342468,0,0,42.83755874633789,0,1
B58,mixamorig2_LeftToeBase,57,0.9862527251243591,0.02641887590289116,0.16311997175216675,0,-0.11327075213193893,0.8268160820007324,0.5509492754936218,0,-0.1203143522143364,-0.5618520379066467,0.81844162940979,0,0,15.80699634552002,0,1
B59,mixamorig2_LeftToe_End,58,1,0,0,0,0,1,0,0,0,0,1,0,0,6.435301780700684,0,1
B60,mixamorig2_RightUpLeg,0,-0.9864230751991272,-0.11320173740386963,-0.11897310614585876,0,0.10781154781579971,-0.9928715229034424,0.0508253239095211,0,-0.12387911230325699,0.03730841353535652,0.9915962219238281,0,-8.899667739868164,-4.969727039337158,-0.9539049863815308,1
B61,mixamorig2_RightLeg,60,0.999875009059906,0.01582811214029789,-0.0005540375132113695,0,-0.015578112564980984,0.9765722751617432,-0.2146264910697937,0,-0.002855962608009577,0.21460849046707153,0.9766963124275208,0,0,42.863121032714844,0,1
B62,mixamorig2_RightFoot,61,0.9736153483390808,-0.09842588007450104,-0.2058785855770111,0,0.22813299298286438,0.39849624037742615,0.8883442282676697,0,-0.005393525119870901,-0.9118735194206238,0.4104355275630951,0,0,42.834205627441406,0,1
B63,mixamorig2_RightToeBase,62,0.9960379600524902,0.01057521253824234,-0.08829612284898758,0,0.04452427476644516,0.8001812100410461,0.5981035232543945,0,0.0769774466753006,-0.599665641784668,0.7965402007102966,0,0,15.841158866882324,0,1
B64,mixamorig2_RightToe_End,63,1,0,0,0,0,1,0,0,0,0,1,0,0,6.527864933013916,0,1
@52,0,1,2,3,4,5,7,8,9,10,11,12,13,15,16,17,19,20,21,23,24,25,27,28,29,31,32,33,34,35,36,37,39,40,41,43,44,45,47,48,49,51,52,53,55,56,57,58,60,61,62,63
K0.000,0.9954969882965088,-0.047609999775886536,0.08197399973869324,0,0.048558998852968216,0.998773992061615,-0.0096220001578331,0,-0.08141499757766724,0.013558999635279179,0.9965879917144775,0,4.785492897033691,99.31755065917969,0.5778599977493286,1,0.9995359778404236,0.02792299911379814,-0.012132000178098679,0,-0.02805200032889843,0.9995499849319458,-0.010635999962687492,0,0.01182899996638298,0.010971000418066978,0.9998700022697449,0,0,8.951164245605469,-0.2866419851779938,1,0.9983670115470886,0.05270100012421608,-0.02206300012767315,0,-0.051715999841690063,0.997734010219574,0.04304400086402893,0,0.024281999096274376,-0.04183200001716614,0.9988300204277039,0,0,10.448369026184082,0,1,0.9983670115470886,0.05270100012421608,-0.02206300012767315,0,-0.051715999841690063,0.997734010219574,0.04304400086402893,0,0.024281999096274376,-0.04183200001716614,0.9988300204277039,0,0,11.940993309020996,0,1,0.9999970197677612,-0.002085000043734908,-0.0011180000146850944,0,0.002053000032901764,0.9995980262756348,-0.02829200029373169,0,0.0011769999982789159,0.028289999812841415,0.9995989799499512,0,0,13.433625221252441,0,1,0.9999970197677612,-0.0021200000774115324,-0.0010509999701753259,0,0.002053000032901764,0.9981799721717834,-0.0602709986269474,0,0.0011769999982789159,0.06026899814605713,0.9981809854507446,0,0,8.477264404296875,0.4430760145187378,1,0.09543099999427795,0.011591999791562557,-0.995369017124176,0,0.8814120292663574,-0.4656809866428375,0.07908199727535248,0,-0.4626080095767975,-0.8848770260810852,-0.05465799942612648,0,5.225269794464111,11.903480529785156,-0.04664799943566322,1,0.9147089719772339,0.34271401166915894,-0.21413399279117584,0,-0.03844799846410751,0.6012899875640869,0.798105001449585,0,0.40227898955345154,-0.7218009829521179,0.56318199634552,0,0,10.833415985107422,0,1,0.988789975643158,0.1478859931230545,0.0205719992518425,0,-0.14795899391174316,0.9889910221099854,0.0020570000633597374,0,-0.020041000097990036,-0.005078000016510487,0.9997860193252563,0,0,25.510347366333008,0,1,0.9307140111923218,0.23826700448989868,0.2774890065193176,0,-0.1902099996805191,0.9633399844169617,-0.18919900059700012,0,-0.31239598989486694,0.12330900132656097,0.941914975643158,0,0,24.506214141845703,0,1,0.9796680212020874,0.1997310072183609,-0.01893099956214428,0,-0.177729994058609,0.9077659845352173,0.3799639940261841,0,0.09307599812746048,-0.3688730001449585,0.9248080253601074,0,-2.9266910552978516,3.0195651054382324,1.2418489456176758,1,0.9987729787826538,0.04380200058221817,-0.023088999092578888,0,-0.04501200094819069,0.9974809885025024,-0.054816000163555145,0,0.020628999918699265,0.05578799918293953,0.9982290267944336,0,-0.690284013748169,3.4391520023345947,0,1,0.9818019866943359,0.18805399537086487,0.026458999142050743,0,-0.18794900178909302,0.9821580052375793,-0.006438000127673149,0,-0.027197999879717827,0.001348000019788742,0.999629020690918,0,0.15244099497795105,3.077320098876953,0,1,0.9875829815864563,-0.10604800283908844,0.11590100079774857,0,0.07783100008964539,0.9711520075798035,0.22540199756622314,0,-0.13646100461483002,-0.21358299255371094,0.9673470258712769,0,-3.3370718955993652,9.13630485534668,0.11773400008678436,1,0.9996060132980347,-0.026117999106645584,-0.010273000225424767,0,0.02762800082564354,0.9801139831542969,0.19650299847126007,0,0.00493700010702014,-0.19670900702476501,0.9804490208625793,0,0.009038999676704407,3.075921058654785,0,1,1,0.00003300000025774352,0,0,-0.00003300000025774352,1,0,0,0,0,1,0,-0.0048779998905956745,2.800204038619995,0,1,0.9997360110282898,-0.015994999557733536,0.016479000449180603,0,0.013044999912381172,0.9860919713973999,0.16568699479103088,0,-0.01889999955892563,-0.1654289960861206,0.9860410094261169,0,-0.9397289752960205,9.032718658447266,-0.17166699469089508,1,1,-0.0009420000133104622,-0.00028199999360367656,0,0.000977999996393919,0.9837290048599243,0.17965400218963623,0,0.00010800000018207356,-0.17965500056743622,0.9837300181388855,0,0.008674000389873981,3.3074300289154053,0,1,1,0.0000870000003487803,-0.000006000000212225132,0,-0.0000870000003487803,1,0,0,0.000006000000212225132,0,1,0,-0.004745999816805124,3.105441093444824,0,1,0.9994530081748962,-0.013399999588727951,-0.030232999473810196,0,0.0220320001244545,0.9516000151634216,0.3065490126609802,0,0.024661999195814133,-0.3070470094680786,0.9513750076293945,0,1.114866018295288,9.026545524597168,-0.13853099942207336,1,0.9999729990959167,-0.007284999825060368,0.0012250000145286322,0,0.006943999789655209,0.9835500121116638,0.18050099909305573,0,-0.002520000096410513,-0.1804880052804947,0.9835739731788635,0,0.00535999983549118,2.751138925552368,0,1,1,0.0003020000003743917,-0.00003400000059627928,0,-0.0003020000003743917,1,0,0,0.00003400000059627928,0,1,0,-0.003269999986514449,2.789292097091675,0,1,0.9936410188674927,-0.02613000012934208,-0.10951600223779678,0,0.07266099750995636,0.8918460011482239,0.44646498560905457,0,0.08600600063800812,-0.45158401131629944,0.8880739808082581,0,3.1619350910186768,8.506034851074219,0.054604001343250275,1,0.9990509748458862,0.04284900054335594,0.007819999940693378,0,-0.04331300035119057,0.9583659768104553,0.2822369933128357,0,0.004598999861627817,-0.28230801224708557,0.9593129754066467,0,0.002400000113993883,2.4800570011138916,0,1,1,0.00013000000035390258,-0.000006000000212225132,0,-0.00013000000035390258,1,0,0,0.000006000000212225132,0,1,0,-0.0013940000208094716,2.0799319744110107,0,1,0.045820001512765884,-0.0160520002245903,0.9988210201263428,0,-0.9067230224609375,-0.4202840030193329,0.03484100103378296,0,0.41922900080680847,-0.9072510004043579,-0.03381200134754181,0,-5.225269794464111,11.903631210327148,-0.05134499818086624,1,0.8620749711990356,-0.3651660084724426,0.3513990044593811,0,-0.058823999017477036,0.6166039705276489,0.7850729823112488,0,-0.5033559799194336,-0.6974620223045349,0.5100780129432678,0,0,10.833415985107422,0,1,0.984486997127533,-0.1733900010585785,-0.026861999183893204,0,0.17351800203323364,0.984827995300293,0.002483000047504902,0,0.026024000719189644,-0.00710600009188056,0.9996359944343567,0,0,25.508930206298828,0,1,0.8667539954185486,-0.2204120010137558,-0.4473870098590851,0,0.03162499889731407,0.9195280075073242,-0.3917500078678131,0,0.497732013463974,0.32540199160575867,0.803974986076355,0,0,24.507230758666992,0,1,0.9807699918746948,-0.19244499504566193,-0.032485999166965485,0,0.19070899486541748,0.9096199870109558,0.3690820038318634,0,-0.041478000581264496,-0.3681800067424774,0.9288290143013,0,2.7198400497436523,2.723615884780884,1.1863800287246704,1,0.9993360042572021,0.034657999873161316,0.011246000416576862,0,-0.034556999802589417,0.9993619918823242,-0.009019000455737114,0,-0.01155100017786026,0.008623999543488026,0.9998959898948669,0,0.5568919777870178,3.1737470626831055,0,1,0.9981489777565002,-0.060784999281167984,0.0020669999066740274,0,0.060784999281167984,0.9981510043144226,0.0002570000069681555,0,-0.002078999998047948,-0.00013099999341648072,0.9999979734420776,0,-0.20648500323295593,3.249340057373047,0,1,0.9927999973297119,0.03205699846148491,-0.11541199684143066,0,-0.0026100000832229853,0.9690819978713989,0.24672700464725494,0,0.11975300312042236,-0.2446489930152893,0.9621880054473877,0,3.2839279174804688,9.167885780334473,0.011969000101089478,1,0.9999420046806335,0.010734000243246555,0.0007830000249668956,0,-0.010761000216007233,0.9957720041275024,0.09122899919748306,0,0.00019999999494757503,-0.09123200178146362,0.9958299994468689,0,-0.0012659999774768949,3.0428860187530518,0,1,1,-0.0009510000236332417,0.00002300000051036477,0,0.0009510000236332417,1,0,0,-0.00002300000051036477,0,1,0,0.001943000010214746,2.8646841049194336,0,1,0.9999970197677612,0.00029299999005161226,0.002339000115171075,0,-0.0008500000112690032,0.9703410267829895,0.24174000322818756,0,-0.0021989999804645777,-0.24174199998378754,0.970337986946106,0,0.9547179937362671,8.974767684936523,0.024893000721931458,1,0.9999409914016724,-0.010703000240027905,-0.001858999952673912,0,0.010862999595701694,0.9834510087966919,0.18084600567817688,0,-0.00010699999984353781,-0.18085500597953796,0.9835100173950195,0,0.0024429999757558107,3.1964330673217773,0,1,1,-0.00046499999007210135,0.000050999999075429514,0,0.00046499999007210135,1,0,0,-0.000050999999075429514,0,1,0,-0.0006319999811239541,3.1865971088409424,0,1,0.9992660284042358,-0.03521899878978729,-0.015072000212967396,0,0.038270000368356705,0.935329020023346,0.3517040014266968,0,0.0017109999898821115,-0.3520219922065735,0.9359899759292603,0,-1.1522270441055298,9.077608108520508,-0.23344700038433075,1,0.9999309778213501,-0.009840999729931355,-0.006422000005841255,0,0.010754000395536423,0.9866610169410706,0.162431001663208,0,0.004738000221550465,-0.16248899698257446,0.9866989850997925,0,0.0025679999962449074,2.8696188926696777,0,1,0.9999989867210388,0.0010450000409036875,-0.000050999999075429514,0,-0.0010450000409036875,0.9999989867210388,0,0,0.000050999999075429514,0,1,0,-0.002650999929755926,2.695854902267456,0,1,0.9985820055007935,-0.04612800106406212,0.02655700035393238,0,0.032478999346494675,0.9233589768409729,0.38256099820137024,0,-0.04216799885034561,-0.38115599751472473,0.9235479831695557,0,-3.086419105529785,8.37469482421875,0.15377900004386902,1,0.9969720244407654,-0.07434599846601486,-0.02278600074350834,0,0.07751200348138809,0.9735429883003235,0.21495400369167328,0,0.006202999968081713,-0.21606899797916412,0.9763579964637756,0,0.0031900000758469105,2.5383799076080322,0,1,1,0.00021899999410379678,-0.000011000000085914508,0,-0.00021899999410379678,1,0,0,0.000011000000085914508,0,1,0,-0.0018810000037774444,2.145634889602661,0,1,-0.9875500202178955,-0.14218400418758392,0.06729499995708466,0,0.15480999648571014,-0.9543600082397461,0.255403995513916,0,0.02790999971330166,0.2626430094242096,0.9644889831542969,0,8.899667739868164,-4.969727039337158,-0.7815769910812378,1,0.9997850060462952,-0.020022999495267868,0.005477000027894974,0,0.020716000348329544,0.9453480243682861,-0.32540398836135864,0,0.0013379999436438084,0.3254469931125641,0.945559024810791,0,0,42.86503219604492,0,1,0.9538930058479309,-0.002107999986037612,0.30013900995254517,0,-0.25232699513435364,0.5358859896659851,0.8057029843330383,0,-0.16253900527954102,-0.8442879915237427,0.5106459856033325,0,0,42.83755874633789,0,1,0.9861360192298889,0.030508000403642654,0.16311000287532806,0,-0.11654499918222427,0.8270450234413147,0.549921989440918,0,-0.11812300235033035,-0.5613080263137817,0.819133996963501,0,0,15.80699634552002,0,1,-0.9872689843177795,-0.10791099816560745,-0.11685200035572052,0,0.10187800228595734,-0.9931949973106384,0.05643799901008606,0,-0.12214700132608414,0.0438150018453598,0.9915440082550049,0,-8.899667739868164,-4.969727039337158,-0.9539049863815308,1,0.9998689889907837,0.016186000779271126,-0.0007309999782592058,0,-0.01594799943268299,0.9752039909362793,-0.22073300182819366,0,-0.002859999891370535,0.22071599960327148,0.9753339886665344,0,0,42.863121032714844,0,1,0.9693599939346313,-0.10124299675226212,-0.22381199896335602,0,0.24564099311828613,0.3937569856643677,0.8857849836349487,0,-0.001551999943330884,-0.9136220216751099,0.4065620005130768,0,0,42.834205627441406,0,1,0.9959840178489685,0.010324999690055847,-0.08893299847841263,0,0.04511699825525284,0.8000950217247009,0.598173975944519,0,0.07733099907636642,-0.5997840166091919,0.7964159846305847,0,0,15.841158866882324,0,1
K0.033,0.9954659938812256,-0.0474030002951622,0.08246099948883057,0,0.04834900051355362,0.9987850189208984,-0.009517999365925789,0,-0.08190900832414627,0.013461999595165253,0.9965490102767944,0,4.7880940437316895,99.31741333007812,0.5742380023002625,1,0.9995359778404236,0.027905000373721123,-0.012174000032246113,0,-0.0280349999666214,0.9995499849319458,-0.010645999573171139,0,0.011870999820530415,0.010982000268995762,0.9998689889907837,0,0,8.951164245605469,-0.2866419851779938,1,0.9983659982681274,0.052678000181913376,-0.02214900031685829,0,-0.0516900010406971,0.9977359771728516,0.043024998158216476,0,0.024365000426769257,-0.041809000074863434,0.9988279938697815,0,0,10.448369026184082,0,1,0.9983659982681274,0.052678000181913376,-0.02214900031685829,0,-0.0516900010406971,0.9977359771728516,0.043024998158216476,0,0.024365000426769257,-0.041809000074863434,0.9988279938697815,0,0,11.940993309020996,0,1,0.9999970197677612,-0.0021110002417117357,-0.0011400001822039485,0,0.002077000215649605,0.9995980262756348,-0.028289999812841415,0,0.0011990002822130919,0.028286999091506004,0.9995989799499512,0,0,13.433625221252441,0,1,0.9999970197677612,-0.00214600027538836,-0.0010720002464950085,0,0.002077000215649605,0.9981799721717834,-0.06026899814605713,0,0.0011990002822130919,0.06026599928736687,0.9981819987297058,0,0,8.477264404296875,0.4430760145187378,1,0.09573899954557419,0.01158200018107891,-0.9953389763832092,0,0.8812410235404968,-0.46595999598503113,0.07934200018644333,0,-0.46286898851394653,-0.8847299814224243,-0.05481699854135513,0,5.225269794464111,11.903480529785156,-0.04664799943566322,1,0.9147400259971619,0.3424150049686432,-0.21447999775409698,0,-0.03799699619412422,0.6013860106468201,0.7980539798736572,0,0.4022510051727295,-0.7218629717826843,0.5631229877471924,0,0,10.833415985107422,0,1,0.9888030290603638,0.1478089988231659,0.02050499990582466,0,-0.14788100123405457,0.9890030026435852,0.002056000055745244,0,-0.019975999370217323,-0.0050650001503527164,0.9997879862785339,0,0,25.510347366333008,0,1,0.9305520057678223,0.23832200467586517,0.27798500657081604,0,-0.18998999893665314,0.9632589817047119,-0.18983100354671478,0,-0.3130120038986206,0.12383300811052322,0.9416409730911255,0,0,24.506214141845703,0,1,0.9796680212020874,0.1997310072183609,-0.01893099956214428,0,-0.177729994058609,0.9077659845352173,0.3799630105495453,0,0.09307599812746048,-0.3688730001449585,0.9248080253601074,0,-2.9266910552978516,3.0195651054382324,1.2418489456176758,1,0.9987729787826538,0.04380200058221817,-0.0230880007147789,0,-0.04501200094819069,0.9974809885025024,-0.054816000163555145,0,0.020628999918699265,0.05578799918293953,0.9982290267944336,0,-0.690284013748169,3.4391520023345947,0,1,0.9818019866943359,0.18805399537086487,0.02645999938249588,0,-0.18794900178909302,0.9821580052375793,-0.006438000127673149,0,-0.027197999879717827,0.001348000019788742,0.999629020690918,0,0.15244099497795105,3.077320098876953,0,1,0.9875829815864563,-0.10604800283908844,0.11590100079774857,0,0.07783100008964539,0.9711520075798035,0.22540199756622314,0,-0.13646100461483002,-0.21358299255371094,0.9673470258712769,0,-3.3370718955993652,9.13630485534668,0.11773400008678436,1,0.9996060132980347,-0.026117999106645584,-0.010273000225424767,0,0.02762800082564354,0.9801139831542969,0.19650200009346008,0,0.004935999866575003,-0.19670900702476501,0.9804499745368958,0,0.009038999676704407,3.075921058654785,0,1,1,0.00003300000025774352,0,0,-0.00003300000025774352,1,0,0,0,0,1,0,-0.0048779998905956745,2.800204038619995,0,1,0.9997360110282898,-0.0159939993172884,0.016479000449180603,0,0.013044999912381172,0.9860919713973999,0.16568699479103088,0,-0.01889999955892563,-0.16542799770832062,0.9860410094261169,0,-0.9397289752960205,9.032718658447266,-0.17166699469089508,1,1,-0.0009420000133104622,-0.00028199999360367656,0,0.000977999996393919,0.9837290048599243,0.17965400218963623,0,0.00010800000018207356,-0.17965500056743622,0.9837300181388855,0,0.008674000389873981,3.3074300289154053,0,1,1,0.0000870000003487803,-0.000006000000212225132,0,-0.0000870000003487803,1,0,0,0.000006000000212225132,0,1,0,-0.004745999816805124,3.105441093444824,0,1,0.9994530081748962,-0.013399999588727951,-0.030232999473810196,0,0.02203099988400936,0.9516000151634216,0.30654799938201904,0,0.024661999195814133,-0.3070470094680786,0.9513750076293945,0,1.114866018295288,9.026545524597168,-0.13853099942207336,1,0.9999729990959167,-0.007284999825060368,0.0012250000145286322,0,0.006943999789655209,0.9835500121116638,0.1805019974708557,0,-0.002520000096410513,-0.1804880052804947,0.9835739731788635,0,0.00535999983549118,2.751138925552368,0,1,1,0.0003020000003743917,-0.00003400000059627928,0,-0.0003020000003743917,1,0,0,0.00003400000059627928,0,1,0,-0.003269999986514449,2.789292097091675,0,1,0.9936410188674927,-0.02613000012934208,-0.10951700061559677,0,0.07266099750995636,0.8918460011482239,0.44646498560905457,0,0.08600600063800812,-0.45158401131629944,0.8880739808082581,0,3.1619350910186768,8.506034851074219,0.054604001343250275,1,0.9990509748458862,0.04284900054335594,0.007819999940693378,0,-0.04331300035119057,0.9583659768104553,0.2822369933128357,0,0.004598999861627817,-0.28230801224708557,0.9593129754066467,0,0.002400000113993883,2.4800570011138916,0,1,1,0.00013000000035390258,-0.000006000000212225132,0,-0.00013000000035390258,1,0,0,0.000006000000212225132,0,1,0,-0.0013940000208094716,2.0799319744110107,0,1,0.04587399959564209,-0.016049999743700027,0.9988179802894592,0,-0.9067519903182983,-0.42021799087524414,0.03489299863576889,0,0.41916099190711975,-0.9072809815406799,-0.033831000328063965,0,-5.225269794464111,11.903631210327148,-0.05134499818086624,1,0.8621379733085632,-0.36475300788879395,0.3516719937324524,0,-0.05903799459338188,0.6170340180397034,0.7847189903259277,0,-0.5032219886779785,-0.697297990322113,0.5104339718818665,0,0,10.833415985107422,0,1,0.9843279719352722,-0.1742900013923645,-0.026847999542951584,0,0.17441800236701965,0.984669029712677,0.002495999913662672,0,0.026001999154686928,-0.007139999885112047,0.9996359944343567,0,0,25.508930206298828,0,1,0.8668529987335205,-0.21988900005817413,-0.44745299220085144,0,0.03113900125026703,0.9196109771728516,-0.3915939927101135,0,0.49759000539779663,0.32552099227905273,0.8040149807929993,0,0,24.507230758666992,0,1,0.9807699918746948,-0.19244499504566193,-0.032485999166965485,0,0.19070899486541748,0.9096199870109558,0.3690820038318634,0,-0.041478000581264496,-0.3681800067424774,0.9288290143013,0,2.7198400497436523,2.723615884780884,1.1863800287246704,1,0.9993360042572021,0.034657999873161316,0.011245000176131725,0,-0.034556999802589417,0.9993619918823242,-0.009019000455737114,0,-0.01155100017786026,0.008623999543488026,0.9998959898948669,0,0.5568919777870178,3.1737470626831055,0,1,0.9981489777565002,-0.060784999281167984,0.0020669999066740274,0,0.060784999281167984,0.9981510043144226,0.0002570000069681555,0,-0.0020779999904334545,-0.00013099999341648072,0.9999979734420776,0,-0.20648500323295593,3.249340057373047,0,1,0.9927999973297119,0.032058000564575195,-0.11541199684143066,0,-0.0026100000832229853,0.9690819978713989,0.24672700464725494,0,0.11975300312042236,-0.2446489930152893,0.9621880054473877,0,3.2839279174804688,9.167885780334473,0.011969000101089478,1,0.9999420046806335,0.010734000243246555,0.0007830000249668956,0,-0.010761000216007233,0.9957720041275024,0.09122899919748306,0,0.00019999999494757503,-0.09123200178146362,0.9958299994468689,0,-0.0012659999774768949,3.0428860187530518,0,1,1,-0.0009510000236332417,0.00002300000051036477,0,0.0009510000236332417,1,0,0,-0.00002300000051036477,0,1,0,0.001943000010214746,2.8646841049194336,0,1,0.9999970197677612,0.00029299999005161226,0.002339000115171075,0,-0.0008500000112690032,0.9703410267829895,0.24174000322818756,0,-0.0021989999804645777,-0.24174199998378754,0.970337986946106,0,0.9547179937362671,8.974767684936523,0.024893000721931458,1,0.9999409914016724,-0.010703000240027905,-0.001858999952673912,0,0.010862000286579132,0.9834510087966919,0.18084600567817688,0,-0.00010799999290611595,-0.18085600435733795,0.9835100173950195,0,0.0024429999757558107,3.1964330673217773,0,1,1,-0.00046499999007210135,0.000050999999075429514,0,0.00046499999007210135,1,0,0,-0.000050999999075429514,0,1,0,-0.0006319999811239541,3.1865971088409424,0,1,0.9992660284042358,-0.03521899878978729,-0.015072000212967396,0,0.038270000368356705,0.935329020023346,0.3517040014266968,0,0.0017109999898821115,-0.3520219922065735,0.9359899759292603,0,-1.1522270441055298,9.077608108520508,-0.23344700038433075,1,0.9999309778213501,-0.009840999729931355,-0.006422000005841255,0,0.010754000395536423,0.9866610169410706,0.162431001663208,0,0.004738000221550465,-0.16248899698257446,0.9866989850997925,0,0.0025679999962449074,2.8696188926696777,0,1,0.9999989867210388,0.0010450000409036875,-0.000050999999075429514,0,-0.0010450000409036875,0.9999989867210388,0,0,0.000050999999075429514,0,1,0,-0.002650999929755926,2.695854902267456,0,1,0.9985820055007935,-0.04612800106406212,0.02655700035393238,0,0.032478999346494675,0.9233589768409729,0.38256099820137024,0,-0.04216799885034561,-0.38115599751472473,0.9235479831695557,0,-3.086419105529785,8.37469482421875,0.15377900004386902,1,0.9969720244407654,-0.07434599846601486,-0.022786999121308327,0,0.07751200348138809,0.9735429883003235,0.21495400369167328,0,0.006202999968081713,-0.21606899797916412,0.9763579964637756,0,0.0031900000758469105,2.5383799076080322,0,1,1,0.00021899999410379678,-0.000011000000085914508,0,-0.00021899999410379678,1,0,0,0.000011000000085914508,0,1,0,-0.0018810000037774444,2.145634889602661,0,1,-0.9875699877738953,-0.141975998878479,0.06743700057268143,0,0.1546429991722107,-0.9544150233268738,0.25530099868774414,0,0.028116000816226006,0.2625559866428375,0.964506983757019,0,8.899667739868164,-4.969727039337158,-0.7815769910812378,1,0.9997850060462952,-0.020020000636577606,0.005470000207424164,0,0.02071099914610386,0.9454439878463745,-0.3251250088214874,0,0.0013370000524446368,0.32516801357269287,0.9456549882888794,0,0,42.86503219604492,0,1,0.9537500143051147,-0.002276998944580555,0.30059099197387695,0,-0.252593994140625,0.5360350012779236,0.8055199980735779,0,-0.16296100616455078,-0.8441929817199707,0.5106689929962158,0,0,42.83755874633789,0,1,0.9863269925117493,0.030354999005794525,0.161981001496315,0,-0.11573899537324905,0.8272929787635803,0.549718976020813,0,-0.1173190027475357,-0.560949981212616,0.8194950222969055,0,0,15.80699634552002,0,1,-0.9873080253601074,-0.10765799880027771,-0.11676099896430969,0,0.10157600045204163,-0.9932019710540771,0.05685900151729584,0,-0.12208899855613708,0.04427700117230415,0.9915310144424438,0,-8.899667739868164,-4.969727039337158,-0.9539049863815308,1,0.9998679757118225,0.016217000782489777,-0.0007500000647269189,0,-0.015980999916791916,0.9750880002975464,-0.2212419956922531,0,-0.002856000093743205,0.22122499346733093,0.9752190113067627,0,0,42.863121032714844,0,1,0.9694470167160034,-0.1012440025806427,-0.2234330028295517,0,0.2452940046787262,0.39360499382019043,0.8859490156173706,0,-0.0017520018154755235,-0.913686990737915,0.4064140021800995,0,0,42.834205627441406,0,1,0.9959859848022461,0.010319000110030174,-0.08891600370407104,0,0.045111000537872314,0.8001090288162231,0.5981559753417969,0,0.07731500267982483,-0.5997660160064697,0.7964320182800293,0,0,15.841158866882324,0,1
