3.600,30,107,65
B0,mixamorig2_Hips,-1,0.994863748550415,-0.026665737852454185,0.09764889627695084,0,0.019537484273314476,0.9971227049827576,0.0732375830411911,0,-0.09932084381580353,-0.070953369140625,0.9925220012664795,0,-0.13925199210643768,99.34459686279297,0.4361054599285126,1
B1,mixamorig2_Spine,0,0.9995937943458557,0.022512180730700493,0.017444610595703125,0,-0.02180156111717224,0.9989635348320007,-0.039950188249349594,0,-0.01832631416618824,0.03955356776714325,0.9990487694740295,0,0,8.951199531555176,-0.2865999937057495,1
B2,mixamorig2_Spine1,1,0.9998001456260681,0.01489921472966671,0.013330220244824886,0,-0.014638809487223625,0.9997043013572693,-0.01943322829902172,0,-0.013616356067359447,0.019234392791986465,0.9997220039367676,0,0,10.448399543762207,0,1
B3,mixamorig2_Spine2,2,0.9998021721839905,0.015302321873605251,0.012675761245191097,0,-0.015053429640829563,0.9996963143348694,-0.01951209269464016,0,-0.012970383279025555,0.019317282363772392,0.9997289776802063,0,0,11.940999984741211,0,1
B4,mixamorig2_Neck,3,0.9990655779838562,-0.0347912460565567,-0.025644149631261826,0,0.03276586905121803,0.9966027140617371,-0.07556157559156418,0,0.028185853734612465,0.07465063035488129,0.9968113899230957,0,0,13.433600425720215,0,1
B5,mixamorig2_Head,4,0.9990655779838562,-0.035594165325164795,-0.024517608806490898,0,0.03276586905121803,0.9936736226081848,-0.10742258280515671,0,0.028185853734612465,0.10651863366365433,0.9939112663269043,0,0,8.477299690246582,0.4431000053882599,1
B6,mixamorig2_HeadTop_End,5,1,0,0,0,0,1,0,0,0,0,1,0,0,21.306800842285156,1.1136000156402588,1
B7,mixamorig2_LeftShoulder,3,-0.20354415476322174,-0.036917105317115784,-0.9783696532249451,0,0.9228020906448364,-0.3411078155040741,-0.17911241948604584,0,-0.32711729407310486,-0.9392987489700317,0.10349798947572708,0,5.225299835205078,11.903499603271484,-0.04659999907016754,1
B8,mixamorig2_LeftArm,7,0.14963245391845703,0.8590737581253052,-0.4894925355911255,0,-0.22445251047611237,0.5116546154022217,0.8293555974960327,0,0.9629284739494324,-0.014230461791157722,0.2693805396556854,0,0,10.833399772644043,0,1
B9,mixamorig2_LeftForeArm,8,0.923355221748352,0.38343101739883423,-0.019908782094717026,0,-0.38327300548553467,0.9235652089118958,0.011343377642333508,0,0.022736242040991783,-0.0028435406275093555,0.9997375011444092,0,0,25.510299682617188,0,1
B10,mixamorig2_LeftHand,9,0.8570564389228821,-0.221201092004776,0.46531909704208374,0,0.19904601573944092,0.9751808643341064,0.0969613566994667,0,-0.47521865367889404,0.009518804959952831,0.8798151612281799,0,0,24.506200790405273,0,1
B11,mixamorig2_LeftHandThumb1,10,0.9985600113868713,0.02664448693394661,0.04656499996781349,0,-0.03835799917578697,0.9614059925079346,0.2724454998970032,0,-0.0375090017914772,-0.27383899688720703,0.9610440135002136,0,-2.9267001152038574,3.0195999145507812,1.2417999505996704,1
B12,mixamorig2_LeftHandThumb2,11,0.9972829818725586,-0.07149799913167953,0.017735999077558517,0,0.07121248543262482,0.9973289966583252,0.01621948555111885,0,-0.018849000334739685,-0.01491248607635498,0.9997109770774841,0,-0.6902999877929688,3.439199924468994,0,1
B13,mixamorig2_LeftHandThumb3,12,0.9966229796409607,0.07859499752521515,0.023780999705195427,0,-0.07734400033950806,0.9957699775695801,-0.04960000142455101,0,-0.027578486129641533,0.04759399965405464,0.9984859824180603,0,0.15240000188350677,3.0773000717163086,0,1
B14,mixamorig2_LeftHandThumb4,13,1,0,0,0,0,1,0,0,0,0,1,0,0.5378000140190125,2.210599899291992,0,1
B15,mixamorig2_LeftHandIndex1,10,0.9982560276985168,0.0586090013384819,-0.007067999802529812,0,-0.052615001797676086,0.9376090168952942,0.3436880111694336,0,0.02676999941468239,-0.3427164852619171,0.9390569925308228,0,-3.337100028991699,9.136300086975098,0.1177000030875206,1
B16,mixamorig2_LeftHandIndex2,15,0.9996849894523621,-0.025026513263583183,-0.0019580000080168247,0,0.02502799965441227,0.987625002861023,0.15482400357723236,0,-0.0019409999949857593,-0.15482400357723236,0.9879400134086609,0,0.008999999612569809,3.075900077819824,0,1
B17,mixamorig2_LeftHandIndex3,16,0.9999480247497559,-0.010180000215768814,-0.000531513593159616,0,0.010191000066697598,0.9969279766082764,0.07765248417854309,0,-0.000260486442130059,-0.07765399664640427,0.9969800114631653,0,-0.004900000058114529,2.8001999855041504,0,1
B18,mixamorig2_LeftHandIndex4,17,1,0,0,0,0,1,0,0,0,0,1,0,-0.00419999985024333,2.44569993019104,0,1
B19,mixamorig2_LeftHandMiddle1,10,0.9982690215110779,0.058378998190164566,-0.007191999815404415,0,-0.05236399918794632,0.9377189874649048,0.3434250056743622,0,0.026792999356985092,-0.3424530029296875,0.9391530156135559,0,-0.9397000074386597,9.032699584960938,-0.17170000076293945,1
B20,mixamorig2_LeftHandMiddle2,19,0.9996970295906067,-0.02452700026333332,-0.0019325136672705412,0,0.024529999122023582,0.9875940084457397,0.1551000028848648,0,-0.001896000001579523,-0.1551010012626648,0.9878969788551331,0,0.008700000122189522,3.3073999881744385,0,1
B21,mixamorig2_LeftHandMiddle3,20,0.9999489784240723,-0.010122999548912048,-0.000514000013936311,0,0.010131999850273132,0.9969289898872375,0.07765299826860428,0,-0.0002739999908953905,-0.07765448838472366,0.9969800114631653,0,-0.004699999932199717,3.1054000854492188,0,1
B22,mixamorig2_LeftHandMiddle4,21,1,0,0,0,0,1,0,0,0,0,1,0,-0.0038999998942017555,2.734100103378296,0,1
B23,mixamorig2_LeftHandRing1,10,0.9983339905738831,0.05733700096607208,-0.006386999972164631,0,-0.05165399983525276,0.9376659989356995,0.3436790108680725,0,0.025693999603390694,-0.34277650713920593,0.9390659928321838,0,1.11489999294281,9.02649974822998,-0.13850000500679016,1
B24,mixamorig2_LeftHandRing2,23,0.9997180104255676,-0.023672999814152718,-0.0018705136608332396,0,0.023677000775933266,0.9876620173454285,0.15480299293994904,0,-0.001816999982111156,-0.15480400621891022,0.9879440069198608,0,0.005400000140070915,2.7511000633239746,0,1
B25,mixamorig2_LeftHandRing3,24,0.9999499917030334,-0.009995999746024609,-0.0005029999883845448,0,0.010004513897001743,0.9969310164451599,0.07764148712158203,0,-0.0002749999985098839,-0.0776429995894432,0.9969810247421265,0,-0.0032999999821186066,2.789299964904785,0,1
B26,mixamorig2_LeftHandRing4,25,1,0,0,0,0,1,0,0,0,0,1,0,-0.002099999925121665,2.3826000690460205,0,1
B27,mixamorig2_LeftHandPinky1,10,0.9995599985122681,-0.011165999807417393,-0.027491485700011253,0,0.019694000482559204,0.9426590204238892,0.33317500352859497,0,0.0221950002014637,-0.3335700035095215,0.9424639940261841,0,3.161900043487549,8.505999565124512,0.05460000038146973,1
B28,mixamorig2_LeftHandPinky2,27,0.9988499879837036,0.047908999025821686,-0.0016234864015132189,0,-0.04698900133371353,0.985243022441864,0.16458700597286224,0,0.009484999813139439,-0.16432200372219086,0.986361026763916,0,0.002400000113993883,2.48009991645813,0,1
B29,mixamorig2_LeftHandPinky3,28,0.9999449849128723,-0.01043651346117258,-0.00045900000259280205,0,0.010440513491630554,0.9969289898872375,0.07760600000619888,0,-0.0003524864441715181,-0.07760699838399887,0.9969840049743652,0,-0.00139999995008111,2.079900026321411,0,1
B30,mixamorig2_LeftHandPinky4,29,1,0,0,0,0,1,0,0,0,0,1,0,-0.0010000000474974513,1.8425999879837036,0,1
B31,mixamorig2_RightShoulder,3,0.09925038367509842,-0.060716670006513596,0.9932084679603577,0,-0.9381936192512512,-0.3383082151412964,0.0730714201927185,0,0.3315736949443817,-0.9390744566917419,-0.09054157882928848,0,-5.225299835205078,11.903599739074707,-0.05130000039935112,1
B32,mixamorig2_RightArm,31,0.7222523093223572,-0.662754237651825,0.19748720526695251,0,0.23045240342617035,0.4999287724494934,0.8348415493965149,0,-0.6520246863365173,-0.5574557185173035,0.5138076543807983,0,0,10.833399772644043,0,1
B33,mixamorig2_RightForeArm,32,0.9405511617660522,-0.339228093624115,0.01660597324371338,0,0.3391110301017761,0.9406917095184326,0.009519772604107857,0,-0.01885068230330944,-0.00332159292884171,0.99981689453125,0,0,25.508899688720703,0,1
B34,mixamorig2_RightHand,33,0.9755263924598694,0.21277256309986115,-0.053711771965026855,0,-0.19065392017364502,0.9427242875099182,0.2735212445259094,0,0.10890661180019379,-0.25666525959968567,0.9602385759353638,0,0,24.507200241088867,0,1
B35,mixamorig2_RightHandThumb1,34,0.994739830493927,0.026379190385341644,0.0989193394780159,0,-0.05521898716688156,0.9518795013427734,0.3014538884162903,0,-0.08620721846818924,-0.30532681941986084,0.9483327865600586,0,2.7197999954223633,2.723599910736084,1.186400055885315,1
B36,mixamorig2_RightHandThumb2,35,0.9976040124893188,-0.06908799707889557,-0.003720999928191304,0,0.06917348504066467,0.9970510005950928,0.033243514597415924,0,0.0014134864322841167,-0.033420998603105545,0.9994400143623352,0,0.5569000244140625,3.1737000942230225,0,1
B37,mixamorig2_RightHandThumb3,36,0.998013973236084,-0.06255500018596649,0.007414999883621931,0,0.06281351298093796,0.9971320033073425,-0.04222748428583145,0,-0.004752486478537321,0.04260948672890663,0.9990805387496948,0,-0.20649999380111694,3.249300003051758,0,1
B38,mixamorig2_RightHandThumb4,37,1,0,0,0,0,1,0,0,0,0,1,0,-0.35040000081062317,2.8046998977661133,0,1
B39,mixamorig2_RightHandIndex1,34,0.9971950054168701,-0.07482351362705231,0.001744486391544342,0,0.07158451527357101,0.96031254529953,0.26958298683166504,0,-0.021846486255526543,-0.26870197057724,0.9629755020141602,0,3.283900022506714,9.167900085449219,0.012000000104308128,1
B40,mixamorig2_RightHandIndex2,39,0.9998366832733154,0.0180150605738163,0.001300344243645668,0,-0.018015548586845398,0.9894891977310181,0.14343971014022827,0,0.0012993714772164822,-0.14343971014022827,0.9896524548530579,0,-0.0013000000035390258,3.0429000854492188,0,1
B41,mixamorig2_RightHandIndex3,40,0.9999715685844421,0.007536489516496658,0.00030762000824324787,0,-0.007538976147770882,0.9973813891410828,0.07190923392772675,0,0.00023513357155025005,-0.07190923392772675,0.9974098801612854,0,0.0019000000320374966,2.8647000789642334,0,1
B42,mixamorig2_RightHandIndex4,41,1,0,0,0,0,1,0,0,0,0,1,0,-0.000699999975040555,2.432300090789795,0,1
B43,mixamorig2_RightHandMiddle1,34,0.9971299767494202,-0.07530300319194794,0.007841000333428383,0,0.07040951400995255,0.9604015350341797,0.2695769965648651,0,-0.02782999910414219,-0.268250972032547,0.9629470109939575,0,0.9546999931335449,8.974800109863281,0.024900000542402267,1
B44,mixamorig2_RightHandMiddle2,43,0.9998846650123596,0.015141604468226433,0.001062507159076631,0,-0.015137090347707272,0.9895231127738953,0.14353914558887482,0,0.0011235614074394107,-0.14353914558887482,0.9896379709243774,0,0.002400000113993883,3.1963999271392822,0,1
B45,mixamorig2_RightHandMiddle3,44,0.9999715685844421,0.007593275047838688,0.0002946471213363111,0,-0.007594761438667774,0.9973773956298828,0.07195820659399033,0,0.0002531064092181623,-0.07195820659399033,0.9974058866500854,0,-0.0006000000284984708,3.1865999698638916,0,1
B46,mixamorig2_RightHandMiddle4,45,1,0,0,0,0,1,0,0,0,0,1,0,-0.0017999999690800905,2.7548999786376953,0,1
B47,mixamorig2_RightHandRing1,34,0.9973490238189697,-0.0727669969201088,-0.0006755135837011039,0,0.07025499641895294,0.960411012172699,0.26958298683166504,0,-0.018967999145388603,-0.26891598105430603,0.9629769921302795,0,-1.1521999835968018,9.07759952545166,-0.23340000212192535,1
B48,mixamorig2_RightHandRing2,47,0.9998796582221985,0.015444763004779816,0.001116966363042593,0,-0.015445276163518429,0.989539623260498,0.14339172840118408,0,0.0011109664337709546,-0.14339172840118408,0.9896589517593384,0,0.0026000000070780516,2.8696000576019287,0,1
B49,mixamorig2_RightHandRing3,48,0.9999520182609558,0.009742840193212032,0.0002655928547028452,0,-0.00973635446280241,0.9973639249801636,0.07188425958156586,0,0.00043553856085054576,-0.07188374549150467,0.9974113702774048,0,-0.0027000000700354576,2.6958999633789062,0,1
B50,mixamorig2_RightHandRing4,49,1,0,0,0,0,1,0,0,0,0,1,0,0.00009999999747378752,2.287400007247925,0,1
B51,mixamorig2_RightHandPinky1,34,0.9972559809684753,-0.07388100028038025,0.004633000120520592,0,0.06990151107311249,0.9604385495185852,0.2695769965648651,0,-0.024366000667214394,-0.2685135006904602,0.9629675149917603,0,-3.086400032043457,8.374699592590332,0.15379999577999115,1
B52,mixamorig2_RightHandPinky2,51,0.9998951554298401,0.014434765093028545,0.0010335342958569527,0,-0.014433764852583408,0.9895416498184204,0.14348368346691132,0,0.0010495614260435104,-0.14348368346691132,0.9896459579467773,0,0.0031999999191612005,2.5383999347686768,0,1
B53,mixamorig2_RightHandPinky3,52,0.9999635219573975,0.008528598584234715,0.00024064714671112597,0,-0.008524112403392792,0.9973713755607605,0.07193022966384888,0,0.00037356570828706026,-0.07192972302436829,0.997407853603363,0,-0.0019000000320374966,2.1456000804901123,0,1
B54,mixamorig2_RightHandPinky4,53,1,0,0,0,0,1,0,0,0,0,1,0,-0.0013000000035390258,1.9493999481201172,0,1
B55,mixamorig2_LeftUpLeg,0,-0.9550784826278687,-0.12662772834300995,0.26793766021728516,0,0.19477875530719757,-0.9496253132820129,0.2455059140920639,0,0.22335271537303925,0.2866661250591278,0.9316304326057434,0,8.899700164794922,-4.969699859619141,-0.7815999984741211,1
B56,mixamorig2_LeftLeg,55,0.9830217361450195,0.11105965822935104,0.1460588574409485,0,-0.04884953051805496,0.9256947636604309,-0.37510329484939575,0,-0.17686502635478973,0.3616001605987549,0.9154041409492493,0,0,42.8650016784668,0,1
B57,mixamorig2_LeftFoot,56,0.990694522857666,-0.1356491893529892,-0.011095516383647919,0,0.06748400628566742,0.4187924861907959,0.9055711030960083,0,-0.11819346994161606,-0.8978928327560425,0.4240497350692749,0,0,42.83760070800781,0,1
B58,mixamorig2_LeftToeBase,57,0.9942619800567627,0,0.10697399824857712,0,-0.06012300029397011,0.8271120190620422,0.5588120222091675,0,-0.08847899734973907,-0.5620369911193848,0.8223659992218018,0,0,15.807000160217285,0,1
B59,mixamorig2_LeftToe_End,58,1,0,0,0,0,1,0,0,0,0,1,0,0,6.435299873352051,0,1
B60,mixamorig2_RightUpLeg,0,-0.9087405204772949,0.012439314275979996,-0.4171748757362366,0,-0.11394771933555603,-0.9689755439758301,0.21932105720043182,0,-0.4015045464038849,0.24684278666973114,0.8819648027420044,0,-8.899700164794922,-4.969699859619141,-0.9538999795913696,1
B61,mixamorig2_RightLeg,60,0.9822396039962769,-0.03243686258792877,0.18480569124221802,0,0.0959882140159607,0.9331684708595276,-0.3463863730430603,0,-0.16121934354305267,0.35797351598739624,0.9197085499763489,0,0,42.86309814453125,0,1
B62,mixamorig2_RightFoot,61,0.9967946410179138,0.06689976155757904,0.043871451169252396,0,-0.06569499522447586,0.3715251684188843,0.9260954260826111,0,0.04565656557679176,-0.9260098934173584,0.3747289776802063,0,0,42.83420181274414,0,1
B63,mixamorig2_RightToeBase,62,0.9943699836730957,0,-0.10596548765897751,0,0.05940200015902519,0.8281009793281555,0.5574219822883606,0,0.08775000274181366,-0.5605779886245728,0.8234390020370483,0,0,15.84119987487793,0,1
B64,mixamorig2_RightToe_End,63,1,0,0,0,0,1,0,0,0,0,1,0,0,6.527900218963623,0,1
@52,0,1,2,3,4,5,7,8,9,10,11,12,13,15,16,17,19,20,21,23,24,25,27,28,29,31,32,33,34,35,36,37,39,40,41,43,44,45,47,48,49,51,52,53,55,56,57,58,60,61,62,63
K0.000,0.994566023349762,-0.027302000671625137,0.10046499967575073,0,0.019517000764608383,0.9967880249023438,0.07766900211572647,0,-0.10226300358772278,-0.07528699934482574,0.9919040203094482,0,-0.1528709977865219,99.33451843261719,0.5266780257225037,1,0.9996529817581177,0.021957000717520714,0.014585999771952629,0,-0.02130899950861931,0.9988409876823425,-0.043150998651981354,0,-0.01551700010895729,0.04282499849796295,0.9989619851112366,0,0,8.951199531555176,-0.2865999937057495,1,0.9998289942741394,0.014778000302612782,0.011149999685585499,0,-0.014531999826431274,0.9996569752693176,-0.02180200070142746,0,-0.011469000019133091,0.021635999903082848,0.9997000098228455,0,0,10.448399543762207,0,1,0.9998310208320618,0.015106000006198883,0.010502999648451805,0,-0.014872999861836433,0.9996500015258789,-0.021859999746084213,0,-0.010830000042915344,0.021700000390410423,0.999705970287323,0,0,11.940999984741211,0,1,0.9991090297698975,-0.03398599848151207,-0.025025999173521996,0,0.032037001103162766,0.9967020153999329,-0.0745529979467392,0,0.027476999908685684,0.07368499785661697,0.9969030022621155,0,0,13.433600425720215,0,1,0.9991090297698975,-0.03477000072598457,-0.023925000801682472,0,0.032037001103162766,0.9938049912452698,-0.10641700029373169,0,0.027476999908685684,0.10555499792098999,0.9940339922904968,0,0,8.477299690246582,0.4431000053882599,1,-0.20313499867916107,-0.036837998777627945,-0.978456974029541,0,0.9229769706726074,-0.3408069908618927,-0.1787859946489334,0,-0.32687899470329285,-0.9394109845161438,0.10322999954223633,0,5.225299835205078,11.903499603271484,-0.04659999907016754,1,0.15549999475479126,0.8599519729614258,-0.4861089885234833,0,-0.22409600019454956,0.509975016117096,0.830485999584198,0,0.9620810151100159,-0.020205000415444374,0.27201300859451294,0,0,10.833399772644043,0,1,0.9234960079193115,0.383092999458313,-0.019883999601006508,0,-0.3829360008239746,0.9237059950828552,0.011327000334858894,0,0.022707000374794006,-0.0028460000175982714,0.9997379779815674,0,0,25.510299682617188,0,1,0.8618549704551697,-0.22243699431419373,0.45577099919319153,0,0.19830000400543213,0.9749410152435303,0.100832998752594,0,-0.4667789936065674,0.0034759999252855778,0.8843669891357422,0,0,24.506200790405273,0,1,0.9985600113868713,0.02664400078356266,0.04656599834561348,0,-0.03835799917578697,0.9614059925079346,0.2724449932575226,0,-0.03751000016927719,-0.27383899688720703,0.9610440135002136,0,-2.9267001152038574,3.0195999145507812,1.2417999505996704,1,0.9972829818725586,-0.07149799913167953,0.017735999077558517,0,0.071212999522686,0.9973289966583252,0.01621999964118004,0,-0.018848000094294548,-0.014913000166416168,0.9997109770774841,0,-0.6902999877929688,3.439199924468994,0,1,0.9966229796409607,0.07859499752521515,0.023780999705195427,0,-0.07734400033950806,0.9957699775695801,-0.04960000142455101,0,-0.027577999979257584,0.04759399965405464,0.9984859824180603,0,0.15240000188350677,3.0773000717163086,0,1,0.9982560276985168,0.0586090013384819,-0.007067000027745962,0,-0.052615001797676086,0.9376090168952942,0.3436880111694336,0,0.02676999941468239,-0.3427160084247589,0.9390569925308228,0,-3.337100028991699,9.136300086975098,0.1177000030875206,1,0.9996849894523621,-0.025026999413967133,-0.0019580000080168247,0,0.02502799965441227,0.987625002861023,0.15482500195503235,0,-0.0019409999949857593,-0.15482500195503235,0.9879400134086609,0,0.008999999612569809,3.075900077819824,0,1,0.9999480247497559,-0.010180000215768814,-0.0005319999763742089,0,0.01018999982625246,0.9969279766082764,0.07765199989080429,0,-0.00026000000070780516,-0.07765399664640427,0.9969800114631653,0,-0.004900000058114529,2.8001999855041504,0,1,0.9982690215110779,0.05838000029325485,-0.007191999815404415,0,-0.05236399918794632,0.9377189874649048,0.343423992395401,0,0.026792999356985092,-0.3424530029296875,0.9391530156135559,0,-0.9397000074386597,9.032699584960938,-0.17170000076293945,1,0.9996970295906067,-0.024528000503778458,-0.0019320000428706408,0,0.024529999122023582,0.9875940084457397,0.1551010012626648,0,-0.001896000001579523,-0.15510199964046478,0.9878969788551331,0,0.008700000122189522,3.3073999881744385,0,1,0.9999489784240723,-0.010122000239789486,-0.000514000013936311,0,0.010131999850273132,0.9969289898872375,0.07765299826860428,0,-0.0002730000123847276,-0.07765399664640427,0.9969800114631653,0,-0.004699999932199717,3.1054000854492188,0,1,0.9983339905738831,0.05733700096607208,-0.006386999972164631,0,-0.05165399983525276,0.9376659989356995,0.3436790108680725,0,0.025693999603390694,-0.34277600049972534,0.9390659928321838,0,1.11489999294281,9.02649974822998,-0.13850000500679016,1,0.9997180104255676,-0.023672999814152718,-0.0018700000364333391,0,0.023677000775933266,0.9876610040664673,0.15480400621891022,0,-0.001816999982111156,-0.1548050045967102,0.9879429936408997,0,0.005400000140070915,2.7511000633239746,0,1,0.9999499917030334,-0.009995000436902046,-0.0005029999883845448,0,0.010003999806940556,0.9969310164451599,0.07764100283384323,0,-0.0002749999985098839,-0.0776429995894432,0.9969810247421265,0,-0.0032999999821186066,2.789299964904785,0,1,0.9995599985122681,-0.011165999807417393,-0.027490999549627304,0,0.019694000482559204,0.9426590204238892,0.33317500352859497,0,0.0221950002014637,-0.3335700035095215,0.9424639940261841,0,3.161900043487549,8.505999565124512,0.05460000038146973,1,0.9988499879837036,0.0479080006480217,-0.0016240000259131193,0,-0.046987999230623245,0.985243022441864,0.16458800435066223,0,0.009484999813139439,-0.16432300209999084,0.986361026763916,0,0.002400000113993883,2.48009991645813,0,1,0.9999449849128723,-0.010436000302433968,-0.00045900000259280205,0,0.010440000332891941,0.9969289898872375,0.07760600000619888,0,-0.00035200000274926424,-0.07760699838399887,0.9969840049743652,0,-0.00139999995008111,2.079900026321411,0,1,0.09843900054693222,-0.06043900176882744,0.9933059811592102,0,-0.9380829930305481,-0.3387700021266937,0.07235399633646011,0,0.33212900161743164,-0.9389259815216064,-0.09004499763250351,0,-5.225299835205078,11.903599739074707,-0.05130000039935112,1,0.6824470162391663,-0.6928340196609497,0.23291000723838806,0,0.22732199728488922,0.5040240287780762,0.8332380056381226,0,-0.694687008857727,-0.5156949758529663,0.5014659762382507,0,0,10.833399772644043,0,1,0.9334650039672852,-0.3582180142402649,0.01799900084733963,0,0.35808300971984863,0.933633029460907,0.010347000323235989,0,-0.020510999485850334,-0.0032140000257641077,0.999783992767334,0,0,25.508899688720703,0,1,0.9701970219612122,0.18180499970912933,-0.16020500659942627,0,-0.1368660032749176,0.956712007522583,0.25684499740600586,0,0.19996599853038788,-0.22726400196552277,0.9530820250511169,0,0,24.507200241088867,0,1,0.9953200221061707,0.03508099913597107,0.09004700183868408,0,-0.06084299832582474,0.9514080286026001,0.30186399817466736,0,-0.07508199661970139,-0.3059299886226654,0.949088990688324,0,2.7197999954223633,2.723599910736084,1.186400055885315,1,0.9976040124893188,-0.06908799707889557,-0.003720999928191304,0,0.06917300075292587,0.9970510005950928,0.033243000507354736,0,0.0014130000490695238,-0.033420998603105545,0.9994400143623352,0,0.5569000244140625,3.1737000942230225,0,1,0.998013973236084,-0.06255500018596649,0.007414999883621931,0,0.06281299889087677,0.9971320033073425,-0.04222799837589264,0,-0.0047519998624920845,0.04261000081896782,0.9990800023078918,0,-0.20649999380111694,3.249300003051758,0,1,0.9971950054168701,-0.07483299821615219,0.0017419999931007624,0,0.07159599661827087,0.9603350162506104,0.26950201392173767,0,-0.021841000765562057,-0.2686220109462738,0.9629979729652405,0,3.283900022506714,9.167900085449219,0.012000000104308128,1,0.9998810291290283,0.01539199985563755,0.0009340000106021762,0,-0.01539199985563755,0.9925090074539185,0.12119899690151215,0,0.0009389999904669821,-0.12119899690151215,0.9926279783248901,0,-0.0013000000035390258,3.0429000854492188,0,1,0.9999809861183167,0.006215000059455633,0.0002229999954579398,0,-0.00621700007468462,0.9981359839439392,0.06071300059556961,0,0.00015500000154133886,-0.06071300059556961,0.9981549978256226,0,0.0019000000320374966,2.8647000789642334,0,1,0.9971290230751038,-0.07531200349330902,0.007837999612092972,0,0.07042200118303299,0.9604229927062988,0.26949599385261536,0,-0.027823999524116516,-0.26816999912261963,0.9629700183868408,0,0.9546999931335449,8.974800109863281,0.024900000542402267,1,0.9999200105667114,0.012648000381886959,0.0007329999934881926,0,-0.012643000110983849,0.9925370216369629,0.12128300219774246,0,0.0008060000254772604,-0.12128300219774246,0.9926180243492126,0,0.002400000113993883,3.1963999271392822,0,1,0.9999799728393555,0.0063390000723302364,0.00021800000104121864,0,-0.006339999847114086,0.9981330037117004,0.06075499951839447,0,0.00016700000560376793,-0.06075499951839447,0.9981529712677002,0,-0.0006000000284984708,3.1865999698638916,0,1,0.9973480105400085,-0.07277700304985046,-0.0006779999821446836,0,0.0702660009264946,0.9604330062866211,0.26950201392173767,0,-0.01896199956536293,-0.26883500814437866,0.9629989862442017,0,-1.1521999835968018,9.07759952545166,-0.23340000212192535,1,0.9999179840087891,0.012752999551594257,0.0007789999945089221,0,-0.012752999551594257,0.9925510287284851,0.12115799635648727,0,0.0007719999994151294,-0.12115900218486786,0.9926329851150513,0,0.0026000000070780516,2.8696000576019287,0,1,0.9999650120735168,0.008388999849557877,0.00017499999376013875,0,-0.008383999578654766,0.9981210231781006,0.06069200113415718,0,0.0003349999897181988,-0.06069200113415718,0.9981570243835449,0,-0.0027000000700354576,2.6958999633789062,0,1,0.9972559809684753,-0.07389099895954132,0.004629999864846468,0,0.06991299986839294,0.9604600071907043,0.26949599385261536,0,-0.02435999922454357,-0.26843300461769104,0.9629899859428406,0,-3.086400032043457,8.374699592590332,0.15379999577999115,1,0.9999290108680725,0.011862999759614468,0.0007099999929778278,0,-0.011861000210046768,0.9925529956817627,0.12123599648475647,0,0.0007340000011026859,-0.12123599648475647,0.992622971534729,0,0.0031999999191612005,2.5383999347686768,0,1,0.9999740123748779,0.007234999909996986,0.00016199999663513154,0,-0.00723200011998415,0.9981279969215393,0.06073100119829178,0,0.00027799999224953353,-0.06073100119829178,0.9981539845466614,0,-0.0019000000320374966,2.1456000804901123,0,1,-0.9541209936141968,-0.12485399842262268,0.2721500098705292,0,0.1949779987335205,-0.9488700032234192,0.2482520043849945,0,0.2272389978170395,0.2899250090122223,0.9296799898147583,0,8.899700164794922,-4.969699859619141,-0.7815999984741211,1,0.982807993888855,0.1136690005660057,0.14549000561237335,0,-0.05153400078415871,0.9255840182304382,-0.37501800060272217,0,-0.17729100584983826,0.36107298731803894,0.9155290126800537,0,0,42.8650016784668,0,1,0.9904299974441528,-0.137363001704216,-0.013422000221908092,0,0.07015199959278107,0.41729000210762024,0.9060620069503784,0,-0.11885800212621689,-0.8983319997787476,0.4229319989681244,0,0,42.83760070800781,0,1,0.9942619800567627,0,0.10697399824857712,0,-0.06012300029397011,0.8271120190620422,0.5588120222091675,0,-0.08847899734973907,-0.5620369911193848,0.8223659992218018,0,0,15.807000160217285,0,1,-0.9107109904289246,0.011237000115215778,-0.41289201378822327,0,-0.11315599828958511,-0.9681739807128906,0.22323699295520782,0,-0.3972429931163788,0.25002598762512207,0.882997989654541,0,-8.899700164794922,-4.969699859619141,-0.9538999795913696,1,0.9823510050773621,-0.031089000403881073,0.18444299697875977,0,0.09459500014781952,0.9332640171051025,-0.34651100635528564,0,-0.1613609939813614,0.3578430116176605,0.919734001159668,0,0,42.86309814453125,0,1,0.9968950152397156,0.06667199730873108,0.041884999722242355,0,-0.06374499946832657,0.37116700410842896,0.9263749718666077,0,0.046216998249292374,-0.9261689782142639,0.37426498532295227,0,0,42.83420181274414,0,1,0.9943699836730957,0,-0.1059660017490387,0,0.05940200015902519,0.8281019926071167,0.5574219822883606,0,0.08775000274181366,-0.5605779886245728,0.8234390020370483,0,0,15.84119987487793,0,1
K0.033,0.9945319890975952,-0.02762000449001789,0.10070899873971939,0,0.019748002290725708,0.9967319965362549,0.07833200693130493,0,-0.10254400223493576,-0.07591500878334045,0.9918270111083984,0,-0.1645871102809906,99.33441925048828,0.5555202960968018,1,0.9996619820594788,0.021810997277498245,0.014115993864834309,0,-0.021171998232603073,0.9988099932670593,-0.04393400624394417,0,-0.015057993121445179,0.0436210073530674,0.9989349842071533,0,0,8.951199531555176,-0.2865999937057495,1,0.9998329877853394,0.014736998826265335,0.010789995081722736,0,-0.01449199952185154,0.9996449947357178,-0.022376006469130516,0,-0.011114994995296001,0.022216005250811577,0.9996910095214844,0,0,10.448399543762207,0,1,0.9998350143432617,0.01505199819803238,0.01014399528503418,0,-0.014820999465882778,0.9996389746665955,-0.02243100479245186,0,-0.010477995499968529,0.02227700501680374,0.9996970295906067,0,0,11.940999984741211,0,1,0.9991250038146973,-0.03526602312922478,-0.022470960393548012,0,0.03353702649474144,0.9967550039291382,-0.07317998260259628,0,0.024978963658213615,0.07236298173666,0.9970660209655762,0,0,13.433600425720215,0,1,0.9991250038146973,-0.03596801683306694,-0.02133096009492874,0,0.03353702649474144,0.9939020276069641,-0.10504698753356934,0,0.024978963658213615,0.10423898696899414,0.994238018989563,0,0,8.477299690246582,0.4431000053882599,1,-0.20254097878932953,-0.03684300184249878,-0.9785810112953186,0,0.9234899878501892,-0.3396439850330353,-0.1783509999513626,0,-0.32579800486564636,-0.9398319721221924,0.10281599313020706,0,5.225299835205078,11.903499603271484,-0.04659999907016754,1,0.15828703343868256,0.8607140183448792,-0.4838549792766571,0,-0.22386200726032257,0.508554995059967,0.8314189910888672,0,0.9616810083389282,-0.023286037147045135,0.27317899465560913,0,0,10.833399772644043,0,1,0.9237409830093384,0.3825030028820038,-0.01984100043773651,0,-0.3823469877243042,0.9239500164985657,0.011300000362098217,0,0.022655000910162926,-0.0028520000632852316,0.9997389912605286,0,0,25.510299682617188,0,1,0.863610029220581,-0.2248370349407196,0.4512489438056946,0,0.20051202178001404,0.9743930101394653,0.10175200551748276,0,-0.46257197856903076,0.0026069919113069773,0.8865780234336853,0,0,24.506200790405273,0,1,0.9985600113868713,0.026644999161362648,0.04656499996781349,0,-0.03835799917578697,0.9614059925079346,0.27244600653648376,0,-0.0375090017914772,-0.27383899688720703,0.9610440135002136,0,-2.9267001152038574,3.0195999145507812,1.2417999505996704,1,0.9972829818725586,-0.07149799913167953,0.017736999318003654,0,0.071212999522686,0.9973289966583252,0.01621999964118004,0,-0.018849000334739685,-0.014913000166416168,0.9997109770774841,0,-0.6902999877929688,3.439199924468994,0,1,0.9966229796409607,0.07859499752521515,0.023780999705195427,0,-0.07734400033950806,0.9957699775695801,-0.049600999802351,0,-0.02757900021970272,0.04759399965405464,0.9984859824180603,0,0.15240000188350677,3.0773000717163086,0,1,0.9982560276985168,0.0586090013384819,-0.007067999802529812,0,-0.052615001797676086,0.9376090168952942,0.3436880111694336,0,0.02676999941468239,-0.3427169919013977,0.9390569925308228,0,-3.337100028991699,9.136300086975098,0.1177000030875206,1,0.9996849894523621,-0.025026999413967133,-0.0019570000004023314,0,0.02502799965441227,0.987625002861023,0.15482500195503235,0,-0.0019420000026002526,-0.15482500195503235,0.9879400134086609,0,0.008999999612569809,3.075900077819824,0,1,0.9999480247497559,-0.010180000215768814,-0.0005319999763742089,0,0.01018999982625246,0.9969279766082764,0.07765199989080429,0,-0.00026000000070780516,-0.07765299826860428,0.9969800114631653,0,-0.004900000058114529,2.8001999855041504,0,1,0.9982690215110779,0.058378998190164566,-0.007191999815404415,0,-0.05236399918794632,0.9377189874649048,0.3434250056743622,0,0.026792999356985092,-0.3424530029296875,0.9391530156135559,0,-0.9397000074386597,9.032699584960938,-0.17170000076293945,1,0.9996970295906067,-0.02452700026333332,-0.0019320000428706408,0,0.024529999122023582,0.9875940084457397,0.1551010012626648,0,-0.001896000001579523,-0.1551010012626648,0.9878969788551331,0,0.008700000122189522,3.3073999881744385,0,1,0.9999489784240723,-0.010122999548912048,-0.000514000013936311,0,0.010131999850273132,0.9969289898872375,0.07765299826860428,0,-0.0002730000123847276,-0.07765399664640427,0.9969800114631653,0,-0.004699999932199717,3.1054000854492188,0,1,0.9983389973640442,0.05725599825382233,-0.0064150006510317326,0,-0.051552001386880875,0.9374489784240723,0.3442839980125427,0,0.02572599984705448,-0.34338200092315674,0.9388430118560791,0,1.11489999294281,9.02649974822998,-0.13850000500679016,1,0.9997180104255676,-0.02367199957370758,-0.0018710000440478325,0,0.023677000775933266,0.9876610040664673,0.15480400621891022,0,-0.001816999982111156,-0.15480400621891022,0.9879429936408997,0,0.005400000140070915,2.7511000633239746,0,1,0.9999499917030334,-0.009995999746024609,-0.0005019999807700515,0,0.010003999806940556,0.9969310164451599,0.07764200121164322,0,-0.0002749999985098839,-0.0776429995894432,0.9969810247421265,0,-0.0032999999821186066,2.789299964904785,0,1,0.9995599985122681,-0.011165999807417393,-0.02749199979007244,0,0.019694000482559204,0.9426590204238892,0.33317500352859497,0,0.0221950002014637,-0.3335700035095215,0.9424639940261841,0,3.161900043487549,8.505999565124512,0.05460000038146973,1,0.9988499879837036,0.047908999025821686,-0.001623000018298626,0,-0.046987999230623245,0.985243022441864,0.16458800435066223,0,0.009484999813139439,-0.16432200372219086,0.986361026763916,0,0.002400000113993883,2.48009991645813,0,1,0.9999449849128723,-0.010436000302433968,-0.00045900000259280205,0,0.010440999642014503,0.9969289898872375,0.07760600000619888,0,-0.00035200000274926424,-0.07760600000619888,0.9969840049743652,0,-0.00139999995008111,2.079900026321411,0,1,0.09828799962997437,-0.060378000140190125,0.9933249950408936,0,-0.9378610253334045,-0.3394230008125305,0.07216800004243851,0,0.3327989876270294,-0.9386940002441406,-0.08998700231313705,0,-5.225299835205078,11.903599739074707,-0.05130000039935112,1,0.6838150024414062,-0.6913890242576599,0.2331939935684204,0,0.22715799510478973,0.5054330229759216,0.832427978515625,0,-0.6933950185775757,-0.5162550210952759,0.5026770234107971,0,0,10.833399772644043,0,1,0.9335049986839294,-0.35811299085617065,0.01799199916422367,0,0.3579779863357544,0.9336730241775513,0.010342000052332878,0,-0.02050199918448925,-0.0032140000257641077,0.9997850060462952,0,0,25.508899688720703,0,1,0.9689649939537048,0.18302100896835327,-0.16616205871105194,0,-0.13494297862052917,0.9548199772834778,0.2647830843925476,0,0.2071150690317154,-0.23414307832717896,0.9498839378356934,0,0,24.507200241088867,0,1,0.9953200221061707,0.03508000075817108,0.09004700183868408,0,-0.06084199994802475,0.9514080286026001,0.30186399817466736,0,-0.07508199661970139,-0.3059299886226654,0.949088990688324,0,2.7197999954223633,2.723599910736084,1.186400055885315,1,0.9976040124893188,-0.06908799707889557,-0.003720999928191304,0,0.06917300075292587,0.9970510005950928,0.033243998885154724,0,0.0014130000490695238,-0.033420998603105545,0.9994400143623352,0,0.5569000244140625,3.1737000942230225,0,1,0.998013973236084,-0.06255500018596649,0.007414999883621931,0,0.06281399726867676,0.9971320033073425,-0.04222799837589264,0,-0.0047519998624920845,0.04261000081896782,0.9990800023078918,0,-0.20649999380111694,3.249300003051758,0,1,0.9971950054168701,-0.07483299821615219,0.0017419999931007624,0,0.07159599661827087,0.9603350162506104,0.26950201392173767,0,-0.02184000052511692,-0.2686220109462738,0.9629979729652405,0,3.283900022506714,9.167900085449219,0.012000000104308128,1,0.9998810291290283,0.01539199985563755,0.0009340000106021762,0,-0.01539199985563755,0.9925090074539185,0.12119899690151215,0,0.0009389999904669821,-0.12119899690151215,0.9926279783248901,0,-0.0013000000035390258,3.0429000854492188,0,1,0.9999809861183167,0.006215000059455633,0.0002229999954579398,0,-0.00621700007468462,0.9981359839439392,0.06071300059556961,0,0.00015400000847876072,-0.0607139989733696,0.9981549978256226,0,0.0019000000320374966,2.8647000789642334,0,1,0.9971290230751038,-0.07531200349330902,0.007837999612092972,0,0.07042200118303299,0.9604229927062988,0.26949599385261536,0,-0.027823999524116516,-0.26816999912261963,0.9629700183868408,0,0.9546999931335449,8.974800109863281,0.024900000542402267,1,0.9999200105667114,0.012648000381886959,0.0007329999934881926,0,-0.012643000110983849,0.9925370216369629,0.12128400057554245,0,0.0008060000254772604,-0.12128300219774246,0.9926180243492126,0,0.002400000113993883,3.1963999271392822,0,1,0.9999799728393555,0.006337999831885099,0.00021800000104121864,0,-0.006339999847114086,0.9981330037117004,0.06075499951839447,0,0.00016700000560376793,-0.06075499951839447,0.9981529712677002,0,-0.0006000000284984708,3.1865999698638916,0,1,0.9973480105400085,-0.07277700304985046,-0.000678999989759177,0,0.07026699930429459,0.9604330062866211,0.26950201392173767,0,-0.01896199956536293,-0.26883500814437866,0.9629999995231628,0,-1.1521999835968018,9.07759952545166,-0.23340000212192535,1,0.9999179840087891,0.012752999551594257,0.0007789999945089221,0,-0.012752999551594257,0.9925510287284851,0.12115900218486786,0,0.0007719999994151294,-0.12115900218486786,0.9926329851150513,0,0.0026000000070780516,2.8696000576019287,0,1,0.9999650120735168,0.00838799960911274,0.00017499999376013875,0,-0.008383999578654766,0.9981210231781006,0.06069200113415718,0,0.00033400001120753586,-0.06069200113415718,0.9981560111045837,0,-0.0027000000700354576,2.6958999633789062,0,1,0.9972559809684753,-0.07389099895954132,0.004629999864846468,0,0.06991299986839294,0.9604600071907043,0.26949599385261536,0,-0.02435999922454357,-0.26843300461769104,0.9629899859428406,0,-3.086400032043457,8.374699592590332,0.15379999577999115,1,0.9999290108680725,0.011862999759614468,0.0007099999929778278,0,-0.011861000210046768,0.9925529956817627,0.12123599648475647,0,0.0007340000011026859,-0.12123599648475647,0.992622971534729,0,0.0031999999191612005,2.5383999347686768,0,1,0.9999740123748779,0.007234999909996986,0.00016199999663513154,0,-0.007230999879539013,0.9981279969215393,0.06073100119829178,0,0.00027799999224953353,-0.06073100119829178,0.9981539845466614,0,-0.0019000000320374966,2.1456000804901123,0,1,-0.9540539979934692,-0.12509000301361084,0.272273987531662,0,0.1953050047159195,-0.9487450122833252,0.24847400188446045,0,0.22723700106143951,0.2902339994907379,0.9295849800109863,0,8.899700164794922,-4.969699859619141,-0.7815999984741211,1,0.982787013053894,0.1139099970459938,0.14544199407100677,0,-0.05178900435566902,0.925590991973877,-0.3749670088291168,0,-0.17733199894428253,0.36098000407218933,0.9155579805374146,0,0,42.8650016784668,0,1,0.9903709888458252,-0.13777799904346466,-0.013486000709235668,0,0.07035499811172485,0.41703200340270996,0.9061650037765503,0,-0.11922500282526016,-0.8983880281448364,0.42271000146865845,0,0,42.83760070800781,0,1,0.9942619800567627,0,0.10697399824857712,0,-0.06012300029397011,0.8271120190620422,0.5588120222091675,0,-0.08847899734973907,-0.5620369911193848,0.8223659992218018,0,0,15.807000160217285,0,1,-0.9110040068626404,0.011107997968792915,-0.4122470021247864,0,-0.11288999766111374,-0.968172013759613,0.22338199615478516,0,-0.3966450095176697,0.2500399947166443,0.8832619786262512,0,-8.899700164794922,-4.969699859619141,-0.9538999795913696,1,0.9824090003967285,-0.030449993908405304,0.18424199521541595,0,0.09388299286365509,0.9334030151367188,-0.3463299870491028,0,-0.16142599284648895,0.3575350046157837,0.9198430180549622,0,0,42.86309814453125,0,1,0.9969339966773987,0.06639499962329865,0.04139699786901474,0,-0.06318399310112,0.3710860013961792,0.9264460206031799,0,0.046149998903274536,-0.926222026348114,0.3741439878940582,0,0,42.83420181274414,0,1,0.9943699836730957,0,-0.10596500337123871,0,0.05940200015902519,0.8281009793281555,0.5574219822883606,0,0.08775000274181366,-0.5605779886245728,0.8234390020370483,0,0,15.84119987487793,0,1
