<?xml version="1.0" encoding="utf-8"?>
<COLLADA xmlns="http://www.collada.org/2005/11/COLLADASchema" version="1.4.1">
  <asset>
    <contributor>
      <author>Mixamo</author>
      <authoring_tool>COLLADA Mixamo exporter</authoring_tool>
      <comments/>
    </contributor>
    <created>2023-03-18T13:13:44Z</created>
    <modified>2023-03-18T13:13:44Z</modified>
    <revision/>
    <title/>
    <unit meter="0.010000"/>
    <up_axis>Y_UP</up_axis>
  </asset>
  <library_animations>
    <animation id="mixamorig2_Hips-anim" name="mixamorig2_Hips">
      <source id="mixamorig2_Hips-Matrix-animation-input">
        <float_array id="mixamorig2_Hips-Matrix-animation-input-array" count="109">

0.000000 0.033333 0.066667 0.100000 0.133333 0.166667 0.200000 0.233333 0.266667 0.300000 0.333333 0.366667 0.400000 0.433333 0.466667 0.500000
0.533333 0.566667 0.600000 0.633333 0.666667 0.700000 0.733333 0.766667 0.800000 0.833333 0.866667 0.900000 0.933333 0.966667 1.000000 1.033333
1.066667 1.100000 1.133333 1.166667 1.200000 1.233333 1.266667 1.300000 1.333333 1.366667 1.400000 1.433333 1.466667 1.500000 1.533333 1.566667
1.600000 1.633333 1.666667 1.700000 1.733333 1.766667 1.800000 1.833333 1.866667 1.900000 1.933333 1.966667 2.000000 2.033333 2.066667 2.100000
2.133333 2.166667 2.200000 2.233333 2.266667 2.300000 2.333333 2.366667 2.400000 2.433333 2.466667 2.500000 2.533333 2.566667 2.600000 2.633333
2.666667 2.700000 2.733333 2.766667 2.800000 2.833333 2.866667 2.900000 2.933333 2.966667 3.000000 3.033333 3.066667 3.100000 3.133333 3.166667
3.200000 3.233333 3.266667 3.300000 3.333333 3.366667 3.400000 3.433333 3.466667 3.500000 3.533333 3.566667 3.600000</float_array>
        <technique_common>
          <accessor source="#mixamorig2_Hips-Matrix-animation-input-array" count="109">
            <param name="TIME" type="float"/>
          </accessor>
        </technique_common>
      </source>
      <source id="mixamorig2_Hips-Matrix-animation-output-transform">
        <float_array id="mixamorig2_Hips-Matrix-animation-output-transform-array" count="1744">

0.994566 0.019517 -0.102263 -0.152871 -0.027302 0.996788 -0.075287 99.334518 0.100465 0.077669 0.991904 0.526678 0.000000 0.000000 0.000000 1.000000
0.994532 0.019748 -0.102544 -0.164587 -0.027620 0.996732 -0.075915 99.334419 0.100709 0.078332 0.991827 0.555520 0.000000 0.000000 0.000000 1.000000
0.994499 0.020021 -0.102812 -0.175625 -0.027971 0.996679 -0.076477 99.334656 0.100939 0.078932 0.991757 0.584902 0.000000 0.000000 0.000000 1.000000
0.994454 0.020352 -0.103181 -0.186073 -0.028377 0.996634 -0.076913 99.335312 0.101269 0.079415 0.991684 0.616075 0.000000 0.000000 0.000000 1.000000
0.994380 0.020746 -0.103816 -0.195927 -0.028845 0.996604 -0.077128 99.336624 0.101863 0.079689 0.991601 0.651036 0.000000 0.000000 0.000000 1.000000
0.994268 0.021174 -0.104802 -0.205271 -0.029347 0.996594 -0.077066 99.338760 0.102813 0.079700 0.991503 0.691930 0.000000 0.000000 0.000000 1.000000
0.994107 0.021621 -0.106222 -0.214762 -0.029866 0.996610 -0.076655 99.341896 0.104204 0.079376 0.991383 0.740615 0.000000 0.000000 0.000000 1.000000
0.993916 0.022097 -0.107899 -0.226057 -0.030413 0.996641 -0.076039 99.345871 0.105856 0.078858 0.991250 0.797976 0.000000 0.000000 0.000000 1.000000
0.993785 0.022467 -0.109027 -0.230061 -0.030764 0.996707 -0.075023 99.350082 0.106982 0.077910 0.991204 0.827091 0.000000 0.000000 0.000000 1.000000
0.993689 0.022951 -0.109799 -0.235939 -0.031218 0.996756 -0.074177 99.353821 0.107740 0.077136 0.991182 0.848561 0.000000 0.000000 0.000000 1.000000
0.993611 0.023617 -0.110358 -0.244668 -0.031870 0.996776 -0.073629 99.356720 0.108264 0.076675 0.991161 0.865139 0.000000 0.000000 0.000000 1.000000
0.993542 0.024480 -0.110797 -0.254545 -0.032741 0.996767 -0.073370 99.358719 0.108643 0.076523 0.991131 0.876494 0.000000 0.000000 0.000000 1.000000
0.993459 0.025458 -0.111317 -0.263184 -0.033754 0.996739 -0.073288 99.359497 0.109088 0.076566 0.991079 0.884100 0.000000 0.000000 0.000000 1.000000
0.993342 0.026461 -0.112121 -0.268425 -0.034824 0.996702 -0.073302 99.358864 0.109811 0.076718 0.990987 0.889617 0.000000 0.000000 0.000000 1.000000
0.993166 0.027380 -0.113458 -0.268726 -0.035855 0.996662 -0.073348 99.356911 0.111071 0.076914 0.990832 0.894258 0.000000 0.000000 0.000000 1.000000
0.992933 0.028155 -0.115292 -0.263015 -0.036776 0.996628 -0.073345 99.354088 0.112838 0.077067 0.990620 0.898983 0.000000 0.000000 0.000000 1.000000
0.992653 0.028726 -0.117536 -0.250609 -0.037506 0.996613 -0.073179 99.351120 0.115035 0.077049 0.990369 0.904586 0.000000 0.000000 0.000000 1.000000
0.992362 0.029090 -0.119879 -0.232208 -0.038003 0.996626 -0.072746 99.349182 0.117358 0.076746 0.990120 0.911716 0.000000 0.000000 0.000000 1.000000
0.992095 0.029303 -0.122017 -0.209203 -0.038296 0.996668 -0.072018 99.348434 0.119501 0.076121 0.989912 0.920320 0.000000 0.000000 0.000000 1.000000
0.991887 0.029434 -0.123665 -0.182734 -0.038429 0.996737 -0.070987 99.348579 0.121172 0.075164 0.989782 0.929778 0.000000 0.000000 0.000000 1.000000
0.991725 0.029586 -0.124922 -0.152806 -0.038539 0.996811 -0.069870 99.349014 0.122457 0.074106 0.989703 0.936976 0.000000 0.000000 0.000000 1.000000
0.991587 0.029814 -0.125964 -0.116716 -0.038724 0.996872 -0.068891 99.349136 0.123517 0.073189 0.989640 0.938587 0.000000 0.000000 0.000000 1.000000
0.991434 0.030100 -0.127094 -0.071128 -0.039012 0.996907 -0.068230 99.348770 0.124647 0.072604 0.989541 0.932651 0.000000 0.000000 0.000000 1.000000
0.991237 0.030371 -0.128553 -0.013863 -0.039341 0.996922 -0.067822 99.348015 0.126098 0.072285 0.989381 0.920624 0.000000 0.000000 0.000000 1.000000
0.990960 0.030561 -0.130632 0.054181 -0.039633 0.996937 -0.067426 99.347588 0.128171 0.071993 0.989136 0.906473 0.000000 0.000000 0.000000 1.000000
0.990596 0.030712 -0.133332 0.129562 -0.039891 0.996974 -0.066722 99.348595 0.130879 0.071413 0.988823 0.895160 0.000000 0.000000 0.000000 1.000000
0.990144 0.030970 -0.136588 0.207654 -0.040217 0.997044 -0.065468 99.353195 0.134157 0.070316 0.988462 0.891043 0.000000 0.000000 0.000000 1.000000
0.989630 0.031577 -0.140129 0.283871 -0.040807 0.997148 -0.063485 99.363037 0.137725 0.068545 0.988096 0.897381 0.000000 0.000000 0.000000 1.000000
0.989102 0.032652 -0.143563 0.354374 -0.041754 0.997273 -0.060857 99.378418 0.141185 0.066188 0.987768 0.914797 0.000000 0.000000 0.000000 1.000000
0.988594 0.034278 -0.146649 0.415545 -0.043128 0.997408 -0.057595 99.397827 0.144295 0.063263 0.987510 0.942728 0.000000 0.000000 0.000000 1.000000
0.988097 0.036249 -0.149498 0.465974 -0.044763 0.997538 -0.053988 99.416779 0.147172 0.060037 0.987287 0.976404 0.000000 0.000000 0.000000 1.000000
0.987584 0.038327 -0.152345 0.505157 -0.046488 0.997648 -0.050376 99.431313 0.150056 0.056833 0.987043 1.009311 0.000000 0.000000 0.000000 1.000000
0.987038 0.040315 -0.155343 0.532589 -0.048174 0.997725 -0.047163 99.439598 0.153088 0.054035 0.986734 1.035820 0.000000 0.000000 0.000000 1.000000
0.986484 0.042152 -0.158341 0.546076 -0.049774 0.997770 -0.044480 99.442436 0.156113 0.051760 0.986382 1.055341 0.000000 0.000000 0.000000 1.000000
0.985982 0.043868 -0.160981 0.541676 -0.051307 0.997785 -0.042348 99.442413 0.158767 0.050014 0.986049 1.070852 0.000000 0.000000 0.000000 1.000000
0.985589 0.045578 -0.162899 0.515338 -0.052843 0.997779 -0.040547 99.442062 0.160689 0.048570 0.985809 1.087639 0.000000 0.000000 0.000000 1.000000
0.985330 0.047372 -0.163953 0.464584 -0.054439 0.997760 -0.038881 99.442940 0.161743 0.047236 0.985702 1.109534 0.000000 0.000000 0.000000 1.000000
0.985236 0.049283 -0.163955 0.390151 -0.056123 0.997725 -0.037349 99.444145 0.161741 0.045999 0.985761 1.136324 0.000000 0.000000 0.000000 1.000000
0.985252 0.051216 -0.163266 0.296010 -0.057833 0.997676 -0.036039 99.444954 0.161041 0.044950 0.985924 1.164490 0.000000 0.000000 0.000000 1.000000
0.985348 0.053070 -0.162089 0.188792 -0.059510 0.997609 -0.035129 99.443970 0.159837 0.044260 0.986151 1.188696 0.000000 0.000000 0.000000 1.000000
0.985483 0.054766 -0.160701 0.075564 -0.061097 0.997528 -0.034718 99.440727 0.158403 0.044033 0.986392 1.205293 0.000000 0.000000 0.000000 1.000000
0.985620 0.056287 -0.159329 -0.036712 -0.062575 0.997436 -0.034718 99.436310 0.156966 0.044189 0.986615 1.214326 0.000000 0.000000 0.000000 1.000000
0.985738 0.057605 -0.158119 -0.141546 -0.063906 0.997340 -0.035053 99.432289 0.155680 0.044658 0.986798 1.218105 0.000000 0.000000 0.000000 1.000000
0.985838 0.058730 -0.157081 -0.233963 -0.065071 0.997248 -0.035526 99.429901 0.154563 0.045244 0.986946 1.220284 0.000000 0.000000 0.000000 1.000000
0.985930 0.059611 -0.156167 -0.309724 -0.065993 0.997170 -0.036002 99.429558 0.153579 0.045801 0.987074 1.222759 0.000000 0.000000 0.000000 1.000000
0.986038 0.060134 -0.155281 -0.366283 -0.066537 0.997121 -0.036368 99.430344 0.152647 0.046193 0.987201 1.225476 0.000000 0.000000 0.000000 1.000000
0.986179 0.060271 -0.154330 -0.403735 -0.066667 0.997104 -0.036600 99.431244 0.151678 0.046383 0.987341 1.226754 0.000000 0.000000 0.000000 1.000000
0.986372 0.059934 -0.153228 -0.423534 -0.066289 0.997125 -0.036707 99.431778 0.150587 0.046364 0.987509 1.225096 0.000000 0.000000 0.000000 1.000000
0.986614 0.059217 -0.151942 -0.429018 -0.065512 0.997174 -0.036763 99.432014 0.149336 0.046224 0.987705 1.219506 0.000000 0.000000 0.000000 1.000000
0.986897 0.058246 -0.150469 -0.424007 -0.064470 0.997240 -0.036820 99.432404 0.147909 0.046038 0.987929 1.210607 0.000000 0.000000 0.000000 1.000000
0.987208 0.057150 -0.148840 -0.411655 -0.063298 0.997312 -0.036894 99.433151 0.146331 0.045843 0.988173 1.200428 0.000000 0.000000 0.000000 1.000000
0.987520 0.056067 -0.147177 -0.395079 -0.062135 0.997383 -0.036957 99.434097 0.144720 0.045641 0.988419 1.191475 0.000000 0.000000 0.000000 1.000000
0.987810 0.055063 -0.145602 -0.376793 -0.061047 0.997451 -0.036953 99.434753 0.143196 0.045391 0.988653 1.185534 0.000000 0.000000 0.000000 1.000000
0.988067 0.054140 -0.144198 -0.358666 -0.060031 0.997517 -0.036814 99.434669 0.141847 0.045031 0.988864 1.182994 0.000000 0.000000 0.000000 1.000000
0.988292 0.053263 -0.142978 -0.341824 -0.059045 0.997588 -0.036501 99.434677 0.140689 0.044516 0.989053 1.183089 0.000000 0.000000 0.000000 1.000000
0.988483 0.052418 -0.141961 -0.326536 -0.058068 0.997665 -0.035952 99.434311 0.139745 0.043781 0.989219 1.185149 0.000000 0.000000 0.000000 1.000000
0.988653 0.051600 -0.141075 -0.312356 -0.057102 0.997746 -0.035235 99.434189 0.138939 0.042891 0.989372 1.187943 0.000000 0.000000 0.000000 1.000000
0.988801 0.050834 -0.140316 -0.298534 -0.056179 0.997828 -0.034395 99.434708 0.138262 0.041893 0.989509 1.190510 0.000000 0.000000 0.000000 1.000000
0.988927 0.050126 -0.139681 -0.284267 -0.055315 0.997906 -0.033511 99.436111 0.137709 0.040866 0.989629 1.191453 0.000000 0.000000 0.000000 1.000000
0.989033 0.049433 -0.139175 -0.268266 -0.054477 0.997981 -0.032660 99.438431 0.137280 0.039884 0.989729 1.189156 0.000000 0.000000 0.000000 1.000000
0.989114 0.048684 -0.138867 -0.248845 -0.053608 0.998051 -0.031940 99.441544 0.137042 0.039036 0.989796 1.182367 0.000000 0.000000 0.000000 1.000000
0.989171 0.047826 -0.138757 -0.224964 -0.052665 0.998118 -0.031408 99.444977 0.136994 0.038376 0.989828 1.171575 0.000000 0.000000 0.000000 1.000000
0.989212 0.046840 -0.138804 -0.196569 -0.051634 0.998180 -0.031140 99.448219 0.137092 0.037971 0.989830 1.158976 0.000000 0.000000 0.000000 1.000000
0.989249 0.045730 -0.138904 -0.164989 -0.050528 0.998235 -0.031209 99.450974 0.137231 0.037892 0.989814 1.146556 0.000000 0.000000 0.000000 1.000000
0.989290 0.044513 -0.139009 -0.131833 -0.049359 0.998281 -0.031605 99.452774 0.137364 0.038128 0.989787 1.133687 0.000000 0.000000 0.000000 1.000000
0.989312 0.043108 -0.139295 -0.096580 -0.048070 0.998317 -0.032451 99.452293 0.137661 0.038800 0.989719 1.113586 0.000000 0.000000 0.000000 1.000000
0.989279 0.041423 -0.140040 -0.057009 -0.046589 0.998342 -0.033812 99.448563 0.138407 0.039974 0.989568 1.077655 0.000000 0.000000 0.000000 1.000000
0.989163 0.039405 -0.141435 -0.010814 -0.044878 0.998354 -0.035717 99.440826 0.139794 0.041677 0.989303 1.020363 0.000000 0.000000 0.000000 1.000000
0.988960 0.037089 -0.143466 0.040955 -0.042967 0.998350 -0.038089 99.429932 0.141816 0.043833 0.988922 0.944359 0.000000 0.000000 0.000000 1.000000
0.988724 0.034719 -0.145668 0.092571 -0.041029 0.998335 -0.040535 99.418373 0.144018 0.046054 0.988503 0.860896 0.000000 0.000000 0.000000 1.000000
0.988509 0.032533 -0.147623 0.136443 -0.039221 0.998321 -0.042626 99.409073 0.145988 0.047926 0.988125 0.782597 0.000000 0.000000 0.000000 1.000000
0.988344 0.030679 -0.149112 0.167197 -0.037632 0.998321 -0.044032 99.403847 0.147511 0.049130 0.987840 0.717583 0.000000 0.000000 0.000000 1.000000
0.988222 0.029149 -0.150224 0.183892 -0.036241 0.998343 -0.044690 99.402779 0.148673 0.049608 0.987641 0.667511 0.000000 0.000000 0.000000 1.000000
0.988114 0.027937 -0.151164 0.188877 -0.035046 0.998391 -0.044569 99.404320 0.149676 0.049337 0.987503 0.630022 0.000000 0.000000 0.000000 1.000000
0.987989 0.026909 -0.152165 0.186161 -0.033984 0.998450 -0.044083 99.406326 0.150743 0.048725 0.987372 0.597650 0.000000 0.000000 0.000000 1.000000
0.987845 0.026045 -0.153244 0.178054 -0.033083 0.998503 -0.043554 99.407295 0.151881 0.048094 0.987228 0.563602 0.000000 0.000000 0.000000 1.000000
0.987711 0.025325 -0.154227 0.164920 -0.032367 0.998537 -0.043318 99.406708 0.152904 0.047778 0.987085 0.523066 0.000000 0.000000 0.000000 1.000000
0.987621 0.024700 -0.154899 0.147059 -0.031800 0.998546 -0.043533 99.405258 0.153599 0.047920 0.986971 0.475273 0.000000 0.000000 0.000000 1.000000
0.987619 0.024123 -0.155006 0.125721 -0.031344 0.998526 -0.044312 99.403549 0.153708 0.048622 0.986919 0.421978 0.000000 0.000000 0.000000 1.000000
0.987703 0.023532 -0.154563 0.102746 -0.030904 0.998488 -0.045466 99.401939 0.153259 0.049684 0.986936 0.367681 0.000000 0.000000 0.000000 1.000000
0.987870 0.022900 -0.153585 0.079886 -0.030425 0.998440 -0.046825 99.400215 0.152273 0.050930 0.987025 0.316098 0.000000 0.000000 0.000000 1.000000
0.988116 0.022252 -0.152093 0.057933 -0.029908 0.998388 -0.048233 99.397842 0.150774 0.052209 0.987189 0.269495 0.000000 0.000000 0.000000 1.000000
0.988419 0.021647 -0.150199 0.036735 -0.029405 0.998335 -0.049622 99.394478 0.148875 0.053464 0.987410 0.228623 0.000000 0.000000 0.000000 1.000000
0.988783 0.021130 -0.147859 0.016263 -0.028964 0.998277 -0.051028 99.390625 0.146526 0.054738 0.987691 0.193057 0.000000 0.000000 0.000000 1.000000
0.989199 0.020681 -0.145110 -0.002985 -0.028573 0.998211 -0.052518 99.386742 0.143764 0.056097 0.988021 0.161686 0.000000 0.000000 0.000000 1.000000
0.989665 0.020258 -0.141964 -0.020321 -0.028195 0.998136 -0.054125 99.383636 0.140603 0.057569 0.988391 0.132998 0.000000 0.000000 0.000000 1.000000
0.990180 0.019856 -0.138378 -0.035888 -0.027817 0.998053 -0.055833 99.381676 0.137000 0.059134 0.988804 0.105525 0.000000 0.000000 0.000000 1.000000
0.990726 0.019521 -0.134468 -0.051292 -0.027475 0.997965 -0.057548 99.380302 0.133070 0.060709 0.989246 0.078755 0.000000 0.000000 0.000000 1.000000
0.991287 0.019330 -0.130292 -0.068118 -0.027234 0.997877 -0.059154 99.378593 0.128872 0.062187 0.989709 0.053973 0.000000 0.000000 0.000000 1.000000
0.991841 0.019301 -0.126011 -0.086291 -0.027104 0.997800 -0.060510 99.376099 0.124566 0.063432 0.990182 0.034205 0.000000 0.000000 0.000000 1.000000
0.992367 0.019366 -0.121788 -0.103889 -0.027020 0.997740 -0.061513 99.372719 0.120322 0.064334 0.990648 0.022534 0.000000 0.000000 0.000000 1.000000
0.992843 0.019416 -0.117841 -0.118175 -0.026870 0.997715 -0.061998 99.369019 0.116368 0.064720 0.991095 0.020831 0.000000 0.000000 0.000000 1.000000
0.993264 0.019375 -0.114241 -0.127079 -0.026604 0.997715 -0.062099 99.365242 0.112777 0.064720 0.991510 0.026738 0.000000 0.000000 0.000000 1.000000
0.993629 0.019237 -0.111051 -0.130479 -0.026237 0.997736 -0.061921 99.361687 0.109608 0.064441 0.991884 0.037148 0.000000 0.000000 0.000000 1.000000
0.993942 0.019084 -0.108237 -0.129984 -0.025866 0.997765 -0.061604 99.358566 0.106819 0.064030 0.992215 0.049309 0.000000 0.000000 0.000000 1.000000
0.994216 0.019031 -0.105703 -0.127932 -0.025609 0.997796 -0.061222 99.356117 0.104305 0.063575 0.992511 0.062149 0.000000 0.000000 0.000000 1.000000
0.994445 0.019179 -0.103493 -0.126689 -0.025570 0.997824 -0.060775 99.355179 0.102102 0.063083 0.992772 0.076214 0.000000 0.000000 0.000000 1.000000
0.994636 0.019485 -0.101589 -0.126186 -0.025709 0.997848 -0.060315 99.355125 0.100195 0.062603 0.992996 0.089945 0.000000 0.000000 0.000000 1.000000
0.994756 0.019886 -0.100328 -0.131202 -0.026091 0.997801 -0.060922 99.354507 0.098896 0.063220 0.993087 0.138733 0.000000 0.000000 0.000000 1.000000
0.994825 0.020154 -0.099587 -0.135347 -0.026430 0.997720 -0.062103 99.353951 0.098108 0.064414 0.993089 0.192145 0.000000 0.000000 0.000000 1.000000
0.994869 0.020217 -0.099130 -0.137088 -0.026613 0.997619 -0.063625 99.353104 0.097608 0.065937 0.993038 0.244737 0.000000 0.000000 0.000000 1.000000
0.994898 0.020076 -0.098873 -0.137247 -0.026629 0.997503 -0.065410 99.351974 0.097313 0.067709 0.992948 0.295154 0.000000 0.000000 0.000000 1.000000
0.994915 0.019854 -0.098743 -0.137034 -0.026575 0.997384 -0.067220 99.350555 0.097151 0.069502 0.992840 0.342229 0.000000 0.000000 0.000000 1.000000
0.994917 0.019660 -0.098764 -0.137359 -0.026544 0.997272 -0.068878 99.348526 0.097141 0.071149 0.992724 0.384233 0.000000 0.000000 0.000000 1.000000
0.994891 0.019557 -0.099043 -0.138344 -0.026600 0.997171 -0.070296 99.346008 0.097388 0.072572 0.992597 0.420440 0.000000 0.000000 0.000000 1.000000
0.994838 0.019519 -0.099584 -0.140112 -0.026728 0.997077 -0.071576 99.343254 0.097896 0.073868 0.992451 0.450943 0.000000 0.000000 0.000000 1.000000
0.994758 0.019513 -0.100379 -0.142778 -0.026904 0.996983 -0.072808 99.340233 0.098656 0.075127 0.992282 0.477471 0.000000 0.000000 0.000000 1.000000
0.994663 0.019510 -0.101312 -0.146844 -0.027096 0.996886 -0.074050 99.337250 0.099552 0.076400 0.992095 0.502118 0.000000 0.000000 0.000000 1.000000
0.994566 0.019517 -0.102263 -0.152871 -0.027302 0.996788 -0.075287 99.334518 0.100465 0.077669 0.991904 0.526678 0.000000 0.000000 0.000000 1.000000</float_array>
        <technique_common>
          <accessor source="#mixamorig2_Hips-Matrix-animation-output-transform-array" count="109" stride="16">
            <param type="float4x4"/>
          </accessor>
        </technique_common>
      </source>
      <source id="mixamorig2_Hips-Interpolations">
        <Name_array id="mixamorig2_Hips-Interpolations-array" count="109">
 LINEAR LINEAR LINEAR LINEAR LINEAR LINEAR LINEAR LINEAR LINEAR LINEAR LINEAR
LINEAR LINEAR LINEAR LINEAR LINEAR LINEAR LINEAR LINEAR LINEAR LINEAR LINEAR LINEAR
LINEAR LINEAR LINEAR LINEAR LINEAR LINEAR LINEAR LINEAR LINEAR LINEAR LINEAR LINEAR
LINEAR LINEAR LINEAR LINEAR LINEAR LINEAR LINEAR LINEAR LINEAR LINEAR LINEAR LINEAR
LINEAR LINEAR LINEAR LINEAR LINEAR LINEAR LINEAR LINEAR LINEAR LINEAR LINEAR LINEAR
LINEAR LINEAR LINEAR LINEAR LINEAR LINEAR LINEAR LINEAR LINEAR LINEAR LINEAR LINEAR
LINEAR LINEAR LINEAR LINEAR LINEAR LINEAR LINEAR LINEAR LINEAR LINEAR LINEAR LINEAR
LINEAR LINEAR LINEAR LINEAR LINEAR LINEAR LINEAR LINEAR LINEAR LINEAR LINEAR LINEAR
LINEAR LINEAR LINEAR LINEAR LINEAR LINEAR LINEAR LINEAR LINEAR LINEAR LINEAR LINEAR
LINEAR LINEAR</Name_array>
        <technique_common>
          <accessor source="#mixamorig2_Hips-Interpolations-array" count="109">
            <param type="name"/>
          </accessor>
        </technique_common>
      </source>
      <sampler id="mixamorig2_Hips-Matrix-animation-transform">
        <input semantic="INPUT" source="#mixamorig2_Hips-Matrix-animation-input"/>
        <input semantic="OUTPUT" source="#mixamorig2_Hips-Matrix-animation-output-transform"/>
        <input semantic="INTERPOLATION" source="#mixamorig2_Hips-Interpolations"/>
      </sampler>
      <channel source="#mixamorig2_Hips-Matrix-animation-transform" target="mixamorig2_Hips/matrix"/>
    </animation>
    <animation id="mixamorig2_Spine-anim" name="mixamorig2_Spine">
      <source id="mixamorig2_Spine-Matrix-animation-input">
        <float_array id="mixamorig2_Spine-Matrix-animation-input-array" count="109">

0.000000 0.033333 0.066667 0.100000 0.133333 0.166667 0.200000 0.233333 0.266667 0.300000 0.333333 0.366667 0.400000 0.433333 0.466667 0.500000
0.533333 0.566667 0.600000 0.633333 0.666667 0.700000 0.733333 0.766667 0.800000 0.833333 0.866667 0.900000 0.933333 0.966667 1.000000 1.033333
1.066667 1.100000 1.133333 1.166667 1.200000 1.233333 1.266667 1.300000 1.333333 1.366667 1.400000 1.433333 1.466667 1.500000 1.533333 1.566667
1.600000 1.633333 1.666667 1.700000 1.733333 1.766667 1.800000 1.833333 1.866667 1.900000 1.933333 1.966667 2.000000 2.033333 2.066667 2.100000
2.133333 2.166667 2.200000 2.233333 2.266667 2.300000 2.333333 2.366667 2.400000 2.433333 2.466667 2.500000 2.533333 2.566667 2.600000 2.633333
2.666667 2.700000 2.733333 2.766667 2.800000 2.833333 2.866667 2.900000 2.933333 2.966667 3.000000 3.033333 3.066667 3.100000 3.133333 3.166667
3.200000 3.233333 3.266667 3.300000 3.333333 3.366667 3.400000 3.433333 3.466667 3.500000 3.533333 3.566667 3.600000</float_array>
        <technique_common>
          <accessor source="#mixamorig2_Spine-Matrix-animation-input-array" count="109">
            <param name="TIME" type="float"/>
          </accessor>
        </technique_common>
      </source>
      <source id="mixamorig2_Spine-Matrix-animation-output-transform">
        <float_array id="mixamorig2_Spine-Matrix-animation-output-transform-array" count="1744">

0.999653 -0.021309 -0.015517 0.000000 0.021957 0.998841 0.042825 8.951200 0.014586 -0.043151 0.998962 -0.286600 0.000000 0.000000 0.000000 1.000000
0.999662 -0.021172 -0.015058 -0.000000 0.021811 0.998810 0.043621 8.951200 0.014116 -0.043934 0.998935 -0.286600 0.000000 0.000000 0.000000 1.000000
0.999677 -0.020918 -0.014433 0.000000 0.021541 0.998780 0.044428 8.951200 0.013486 -0.044725 0.998908 -0.286600 0.000000 0.000000 0.000000 1.000000
0.999698 -0.020491 -0.013600 0.000000 0.021087 0.998754 0.045230 8.951200 0.012656 -0.045503 0.998884 -0.286600 0.000000 0.000000 0.000000 1.000000
0.999724 -0.019849 -0.012561 0.000000 0.020407 0.998733 0.045996 8.951200 0.011632 -0.046239 0.998863 -0.286600 0.000000 0.000000 0.000000 1.000000
0.999755 -0.018992 -0.011380 0.000000 0.019504 0.998719 0.046698 8.951200 0.010479 -0.046908 0.998844 -0.286600 0.000000 0.000000 0.000000 1.000000
0.999788 -0.017883 -0.010156 0.000000 0.018345 0.998713 0.047286 8.951200 0.009297 -0.047463 0.998830 -0.286600 0.000000 0.000000 0.000000 1.000000
0.999822 -0.016580 -0.009044 0.000000 0.016994 0.998715 0.047755 8.951200 0.008241 -0.047900 0.998818 -0.286600 0.000000 0.000000 0.000000 1.000000
0.999844 -0.015377 -0.008702 0.000000 0.015774 0.998746 0.047519 8.951200 0.007961 -0.047649 0.998832 -0.286600 0.000000 0.000000 0.000000 1.000000
0.999858 -0.014244 -0.008979 0.000000 0.014652 0.998785 0.047059 8.951200 0.008297 -0.047184 0.998852 -0.286600 0.000000 0.000000 0.000000 1.000000
0.999865 -0.013178 -0.009765 -0.000000 0.013619 0.998822 0.046573 8.951200 0.009140 -0.046699 0.998867 -0.286600 0.000000 0.000000 0.000000 1.000000
0.999863 -0.012218 -0.011163 0.000000 0.012720 0.998856 0.046099 8.951200 0.010587 -0.046235 0.998874 -0.286600 0.000000 0.000000 0.000000 1.000000
0.999850 -0.011365 -0.013096 -0.000000 0.011952 0.998885 0.045674 8.951200 0.012562 -0.045824 0.998871 -0.286600 0.000000 0.000000 0.000000 1.000000
0.999824 -0.010627 -0.015489 -0.000000 0.011319 0.998909 0.045317 8.951200 0.014990 -0.045484 0.998853 -0.286600 0.000000 0.000000 0.000000 1.000000
0.999782 -0.010027 -0.018323 -0.000000 0.010844 0.998926 0.045043 8.951200 0.017852 -0.045232 0.998817 -0.286600 0.000000 0.000000 0.000000 1.000000
0.999724 -0.009565 -0.021457 0.000000 0.010520 0.998939 0.044832 8.951200 0.021006 -0.045045 0.998764 -0.286600 0.000000 0.000000 0.000000 1.000000
0.999648 -0.009273 -0.024871 0.000000 0.010378 0.998948 0.044675 8.951200 0.024430 -0.044918 0.998692 -0.286600 0.000000 0.000000 0.000000 1.000000
0.999551 -0.009148 -0.028521 0.000000 0.010414 0.998952 0.044561 8.951200 0.028084 -0.044838 0.998599 -0.286600 0.000000 0.000000 0.000000 1.000000
0.999434 -0.009171 -0.032375 0.000000 0.010608 0.998954 0.044487 8.951200 0.031934 -0.044806 0.998485 -0.286600 0.000000 0.000000 0.000000 1.000000
0.999291 -0.009347 -0.036470 0.000000 0.010967 0.998950 0.044487 8.951200 0.036015 -0.044855 0.998344 -0.286600 0.000000 0.000000 0.000000 1.000000
0.999123 -0.009597 -0.040749 0.000000 0.011413 0.998941 0.044576 8.951200 0.040278 -0.045002 0.998175 -0.286600 0.000000 0.000000 0.000000 1.000000
0.998918 -0.009867 -0.045454 0.000000 0.011905 0.998925 0.044791 8.951200 0.044963 -0.045284 0.997962 -0.286600 0.000000 0.000000 0.000000 1.000000
0.998683 -0.010068 -0.050308 0.000000 0.012346 0.998903 0.045165 8.951200 0.049798 -0.045727 0.997712 -0.286600 0.000000 0.000000 0.000000 1.000000
0.998427 -0.010133 -0.055150 0.000000 0.012662 0.998876 0.045686 8.951200 0.054625 -0.046312 0.997432 -0.286600 0.000000 0.000000 0.000000 1.000000
0.998160 -0.009971 -0.059810 0.000000 0.012763 0.998838 0.046477 8.951200 0.059277 -0.047155 0.997127 -0.286600 0.000000 0.000000 0.000000 1.000000
0.997894 -0.009603 -0.064148 -0.000000 0.012683 0.998778 0.047772 8.951200 0.063610 -0.048485 0.996796 -0.286600 0.000000 0.000000 0.000000 1.000000
0.997647 -0.008955 -0.067971 0.000000 0.012316 0.998713 0.049194 8.951200 0.067443 -0.049916 0.996474 -0.286600 0.000000 0.000000 0.000000 1.000000
0.997440 -0.007999 -0.071059 0.000000 0.011620 0.998647 0.050689 8.951200 0.070557 -0.051385 0.996183 -0.286600 0.000000 0.000000 0.000000 1.000000
0.997279 -0.006783 -0.073409 0.000000 0.010634 0.998581 0.052191 8.951200 0.072951 -0.052830 0.995935 -0.286600 0.000000 0.000000 0.000000 1.000000
0.997180 -0.005282 -0.074860 -0.000000 0.009317 0.998516 0.053653 8.951200 0.074466 -0.054199 0.995750 -0.286600 0.000000 0.000000 0.000000 1.000000
0.997138 -0.003521 -0.075515 -0.000000 0.007694 0.998455 0.055035 8.951200 0.075205 -0.055459 0.995625 -0.286600 0.000000 0.000000 0.000000 1.000000
0.997146 -0.001514 -0.075482 0.000000 0.005777 0.998398 0.056294 8.951200 0.075276 -0.056569 0.995557 -0.286600 0.000000 0.000000 0.000000 1.000000
0.997198 0.000741 -0.074805 0.000000 0.003561 0.998347 0.057356 8.951200 0.074724 -0.057461 0.995547 -0.286600 0.000000 0.000000 0.000000 1.000000
0.997273 0.003161 -0.073736 -0.000000 0.001141 0.998303 0.058230 8.951200 0.073794 -0.058155 0.995576 -0.286600 0.000000 0.000000 0.000000 1.000000
0.997359 0.005685 -0.072402 0.000000 -0.001414 0.998262 0.058910 8.951200 0.072611 -0.058652 0.995634 -0.286600 0.000000 0.000000 0.000000 1.000000
0.997443 0.008208 -0.070991 0.000000 -0.003984 0.998224 0.059443 8.951200 0.071353 -0.059008 0.995704 -0.286600 0.000000 0.000000 0.000000 1.000000
0.997514 0.010626 -0.069657 0.000000 -0.006452 0.998185 0.059874 8.951200 0.070167 -0.059276 0.995773 -0.286600 0.000000 0.000000 0.000000 1.000000
0.997564 0.012782 -0.068582 0.000000 -0.008651 0.998149 0.060200 8.951200 0.069225 -0.059460 0.995827 -0.286600 0.000000 0.000000 0.000000 1.000000
0.997590 0.014640 -0.067819 0.000000 -0.010538 0.998116 0.060440 8.951200 0.068576 -0.059580 0.995865 -0.286600 0.000000 0.000000 0.000000 1.000000
0.997593 0.016114 -0.067445 -0.000000 -0.012026 0.998090 0.060590 8.951200 0.068292 -0.059633 0.995882 -0.286600 0.000000 0.000000 0.000000 1.000000
0.997573 0.017174 -0.067474 0.000000 -0.013079 0.998072 0.060669 8.951200 0.068386 -0.059639 0.995875 -0.286600 0.000000 0.000000 0.000000 1.000000
0.997537 0.017882 -0.067821 0.000000 -0.013764 0.998060 0.060715 8.951200 0.068775 -0.059632 0.995848 -0.286600 0.000000 0.000000 0.000000 1.000000
0.997488 0.018224 -0.068454 0.000000 -0.014065 0.998054 0.060755 8.951200 0.069428 -0.059640 0.995803 -0.286600 0.000000 0.000000 0.000000 1.000000
0.997432 0.018311 -0.069242 0.000000 -0.014102 0.998051 0.060797 8.951200 0.070220 -0.059665 0.995746 -0.286600 0.000000 0.000000 0.000000 1.000000
0.997374 0.018202 -0.070102 -0.000000 -0.013939 0.998051 0.060830 8.951200 0.071073 -0.059693 0.995683 -0.286600 0.000000 0.000000 0.000000 1.000000
0.997317 0.017943 -0.070965 0.000000 -0.013628 0.998055 0.060827 8.951200 0.071919 -0.059697 0.995622 -0.286600 0.000000 0.000000 0.000000 1.000000
0.997265 0.017592 -0.071788 0.000000 -0.013232 0.998064 0.060767 8.951200 0.072718 -0.059651 0.995567 -0.286600 0.000000 0.000000 0.000000 1.000000
0.997218 0.017167 -0.072543 -0.000000 -0.012771 0.998079 0.060624 8.951200 0.073444 -0.059529 0.995521 -0.286600 0.000000 0.000000 0.000000 1.000000
0.997175 0.016687 -0.073233 0.000000 -0.012266 0.998099 0.060406 8.951200 0.074102 -0.059337 0.995484 -0.286600 0.000000 0.000000 0.000000 1.000000
0.997137 0.016168 -0.073863 0.000000 -0.011730 0.998121 0.060135 8.951200 0.074697 -0.059096 0.995454 -0.286600 0.000000 0.000000 0.000000 1.000000
0.997104 0.015621 -0.074425 0.000000 -0.011171 0.998145 0.059843 8.951200 0.075221 -0.058838 0.995429 -0.286600 0.000000 0.000000 0.000000 1.000000
0.997075 0.015074 -0.074928 0.000000 -0.010614 0.998168 0.059568 8.951200 0.075689 -0.058599 0.995408 -0.286600 0.000000 0.000000 0.000000 1.000000
0.997050 0.014551 -0.075360 0.000000 -0.010082 0.998187 0.059337 8.951200 0.076087 -0.058402 0.995389 -0.286600 0.000000 0.000000 0.000000 1.000000
0.997030 0.014076 -0.075723 0.000000 -0.009600 0.998203 0.059154 8.951200 0.076419 -0.058251 0.995373 -0.286600 0.000000 0.000000 0.000000 1.000000
0.997012 0.013664 -0.076024 0.000000 -0.009181 0.998216 0.059002 8.951200 0.076694 -0.058127 0.995359 -0.286600 0.000000 0.000000 0.000000 1.000000
0.996998 0.013321 -0.076267 0.000000 -0.008836 0.998228 0.058850 8.951200 0.076916 -0.058000 0.995349 -0.286600 0.000000 0.000000 0.000000 1.000000
0.996986 0.013018 -0.076483 -0.000000 -0.008534 0.998242 0.058659 8.951200 0.077112 -0.057830 0.995344 -0.286600 0.000000 0.000000 0.000000 1.000000
0.996973 0.012718 -0.076698 0.000000 -0.008243 0.998260 0.058388 8.951200 0.077307 -0.057579 0.995343 -0.286600 0.000000 0.000000 0.000000 1.000000
0.996959 0.012370 -0.076942 -0.000000 -0.007910 0.998285 0.058012 8.951200 0.077527 -0.057227 0.995346 -0.286600 0.000000 0.000000 0.000000 1.000000
0.996942 0.011934 -0.077228 0.000000 -0.007493 0.998315 0.057547 8.951200 0.077785 -0.056792 0.995351 -0.286600 0.000000 0.000000 0.000000 1.000000
0.996923 0.011345 -0.077567 0.000000 -0.006925 0.998350 0.057011 8.951200 0.078086 -0.056298 0.995356 -0.286600 0.000000 0.000000 0.000000 1.000000
0.996902 0.010596 -0.077935 0.000000 -0.006197 0.998385 0.056467 8.951200 0.078408 -0.055809 0.995358 -0.286600 0.000000 0.000000 0.000000 1.000000
0.996883 0.009672 -0.078293 0.000000 -0.005291 0.998418 0.055979 8.951200 0.078710 -0.055390 0.995358 -0.286600 0.000000 0.000000 0.000000 1.000000
0.996872 0.008564 -0.078573 0.000000 -0.004193 0.998443 0.055622 8.951200 0.078927 -0.055118 0.995355 -0.286600 0.000000 0.000000 0.000000 1.000000
0.996869 0.007317 -0.078730 0.000000 -0.002952 0.998459 0.055418 8.951200 0.079014 -0.055012 0.995354 -0.286600 0.000000 0.000000 0.000000 1.000000
0.996881 0.005952 -0.078698 0.000000 -0.001590 0.998464 0.055376 8.951200 0.078907 -0.055078 0.995359 -0.286600 0.000000 0.000000 0.000000 1.000000
0.996906 0.004526 -0.078474 0.000000 -0.000171 0.998464 0.055408 8.951200 0.078604 -0.055223 0.995375 -0.286600 0.000000 0.000000 0.000000 1.000000
0.996942 0.003081 -0.078082 0.000000 0.001253 0.998463 0.055402 8.951200 0.078133 -0.055330 0.995406 -0.286600 0.000000 0.000000 0.000000 1.000000
0.996987 0.001650 -0.077548 0.000000 0.002643 0.998471 0.055220 8.951200 0.077521 -0.055259 0.995458 -0.286600 0.000000 0.000000 0.000000 1.000000
0.997034 0.000246 -0.076957 0.000000 0.003983 0.998489 0.054805 8.951200 0.076854 -0.054949 0.995527 -0.286600 0.000000 0.000000 0.000000 1.000000
0.997079 -0.001116 -0.076367 -0.000000 0.005259 0.998523 0.054072 8.951200 0.076194 -0.054316 0.995613 -0.286600 0.000000 0.000000 0.000000 1.000000
0.997117 -0.002430 -0.075838 0.000000 0.006465 0.998573 0.053005 8.951200 0.075601 -0.053343 0.995710 -0.286600 0.000000 0.000000 0.000000 1.000000
0.997147 -0.003686 -0.075391 0.000000 0.007595 0.998637 0.051634 8.951200 0.075098 -0.052059 0.995816 -0.286600 0.000000 0.000000 0.000000 1.000000
0.997168 -0.004860 -0.075049 -0.000000 0.008625 0.998716 0.049924 8.951200 0.074710 -0.050430 0.995929 -0.286600 0.000000 0.000000 0.000000 1.000000
0.997184 -0.005945 -0.074762 -0.000000 0.009553 0.998802 0.047990 8.951200 0.074388 -0.048569 0.996046 -0.286600 0.000000 0.000000 0.000000 1.000000
0.997199 -0.006925 -0.074478 0.000000 0.010364 0.998893 0.045885 8.951200 0.074077 -0.046528 0.996167 -0.286600 0.000000 0.000000 0.000000 1.000000
0.997220 -0.007788 -0.074109 0.000000 0.011049 0.998984 0.043695 8.951200 0.073693 -0.044392 0.996292 -0.286600 0.000000 0.000000 0.000000 1.000000
0.997252 -0.008548 -0.073583 0.000000 0.011627 0.999070 0.041510 8.951200 0.073160 -0.042251 0.996425 -0.286600 0.000000 0.000000 0.000000 1.000000
0.997306 -0.009211 -0.072777 0.000000 0.012110 0.999146 0.039500 8.951200 0.072351 -0.040275 0.996566 -0.286600 0.000000 0.000000 0.000000 1.000000
0.997380 -0.009842 -0.071672 0.000000 0.012586 0.999201 0.037924 8.951200 0.071241 -0.038727 0.996707 -0.286600 0.000000 0.000000 0.000000 1.000000
0.997478 -0.010424 -0.070212 0.000000 0.013018 0.999245 0.036598 8.951200 0.069777 -0.037420 0.996861 -0.286600 0.000000 0.000000 0.000000 1.000000
0.997600 -0.010961 -0.068363 0.000000 0.013411 0.999280 0.035493 8.951200 0.067925 -0.036325 0.997029 -0.286600 0.000000 0.000000 0.000000 1.000000
0.997740 -0.011466 -0.066211 0.000000 0.013777 0.999308 0.034551 8.951200 0.065769 -0.035385 0.997207 -0.286600 0.000000 0.000000 0.000000 1.000000
0.997892 -0.011960 -0.063790 -0.000000 0.014147 0.999323 0.033953 8.951200 0.063341 -0.034784 0.997386 -0.286600 0.000000 0.000000 0.000000 1.000000
0.998047 -0.012411 -0.061215 0.000000 0.014481 0.999334 0.033496 8.951200 0.060758 -0.034317 0.997562 -0.286600 0.000000 0.000000 0.000000 1.000000
0.998200 -0.012816 -0.058587 0.000000 0.014776 0.999341 0.033145 8.951200 0.058124 -0.033951 0.997732 -0.286600 0.000000 0.000000 0.000000 1.000000
0.998343 -0.013178 -0.056014 -0.000000 0.015037 0.999346 0.032897 8.951200 0.055544 -0.033685 0.997888 -0.286600 0.000000 0.000000 0.000000 1.000000
0.998473 -0.013522 -0.053565 0.000000 0.015289 0.999348 0.032717 8.951200 0.053087 -0.033486 0.998028 -0.286600 0.000000 0.000000 0.000000 1.000000
0.998586 -0.013879 -0.051310 0.000000 0.015564 0.999348 0.032588 8.951200 0.050824 -0.033341 0.998151 -0.286600 0.000000 0.000000 0.000000 1.000000
0.998684 -0.014284 -0.049265 0.000000 0.015896 0.999346 0.032490 8.951200 0.048769 -0.033231 0.998257 -0.286600 0.000000 0.000000 0.000000 1.000000
0.998767 -0.014756 -0.047396 0.000000 0.016302 0.999342 0.032409 8.951200 0.046886 -0.033141 0.998350 -0.286600 0.000000 0.000000 0.000000 1.000000
0.998839 -0.015323 -0.045679 0.000000 0.016810 0.999336 0.032339 8.951200 0.045153 -0.033069 0.998433 -0.286600 0.000000 0.000000 0.000000 1.000000
0.998900 -0.015971 -0.044097 0.000000 0.017402 0.999328 0.032274 8.951200 0.043552 -0.033006 0.998506 -0.286600 0.000000 0.000000 0.000000 1.000000
0.998954 -0.016691 -0.042567 0.000000 0.018070 0.999318 0.032218 8.951200 0.042000 -0.032954 0.998574 -0.286600 0.000000 0.000000 0.000000 1.000000
0.999010 -0.017454 -0.040918 0.000000 0.018777 0.999306 0.032182 8.951200 0.040328 -0.032919 0.998644 -0.286600 0.000000 0.000000 0.000000 1.000000
0.999068 -0.018231 -0.039119 0.000000 0.019495 0.999292 0.032173 8.951200 0.038505 -0.032906 0.998716 -0.286600 0.000000 0.000000 0.000000 1.000000
0.999129 -0.018987 -0.037145 0.000000 0.020187 0.999277 0.032206 8.951200 0.036507 -0.032928 0.998791 -0.286600 0.000000 0.000000 0.000000 1.000000
0.999191 -0.019698 -0.035054 -0.000000 0.020832 0.999262 0.032284 8.951200 0.034393 -0.032988 0.998864 -0.286600 0.000000 0.000000 0.000000 1.000000
0.999279 -0.020399 -0.032027 0.000000 0.021459 0.999221 0.033116 8.951200 0.031327 -0.033779 0.998938 -0.286600 0.000000 0.000000 0.000000 1.000000
0.999359 -0.020967 -0.029017 0.000000 0.021955 0.999176 0.034150 8.951200 0.028277 -0.034765 0.998995 -0.286600 0.000000 0.000000 0.000000 1.000000
0.999425 -0.021400 -0.026299 -0.000000 0.022320 0.999132 0.035186 8.951200 0.025523 -0.035753 0.999035 -0.286600 0.000000 0.000000 0.000000 1.000000
0.999478 -0.021685 -0.023950 -0.000000 0.022544 0.999090 0.036202 8.951200 0.023143 -0.036724 0.999057 -0.286600 0.000000 0.000000 0.000000 1.000000
0.999520 -0.021845 -0.021945 0.000000 0.022651 0.999051 0.037189 8.951200 0.021112 -0.037668 0.999067 -0.286600 0.000000 0.000000 0.000000 1.000000
0.999555 -0.021899 -0.020258 0.000000 0.022661 0.999015 0.038146 8.951200 0.019403 -0.038588 0.999067 -0.286600 0.000000 0.000000 0.000000 1.000000
0.999582 -0.021856 -0.018901 0.000000 0.022581 0.998981 0.039078 8.951200 0.018027 -0.039489 0.999057 -0.286600 0.000000 0.000000 0.000000 1.000000
0.999605 -0.021750 -0.017782 0.000000 0.022447 0.998947 0.040004 8.951200 0.016893 -0.040387 0.999041 -0.286600 0.000000 0.000000 0.000000 1.000000
0.999624 -0.021605 -0.016881 0.000000 0.022281 0.998913 0.040936 8.951200 0.015979 -0.041296 0.999019 -0.286600 0.000000 0.000000 0.000000 1.000000
0.999640 -0.021450 -0.016145 0.000000 0.022110 0.998878 0.041878 8.951200 0.015228 -0.042220 0.998992 -0.286600 0.000000 0.000000 0.000000 1.000000
0.999653 -0.021309 -0.015517 0.000000 0.021957 0.998841 0.042825 8.951200 0.014586 -0.043151 0.998962 -0.286600 0.000000 0.000000 0.000000 1.000000</float_array>
        <technique_common>
          <accessor source="#mixamorig2_Spine-Matrix-animation-output-transform-array" count="109" stride="16">
            <param type="float4x4"/>
          </accessor>
        </technique_common>
      </source>
      <source id="mixamorig2_Spine-Interpolations">
        <Name_array id="mixamorig2_Spine-Interpolations-array" count="109">
 LINEAR LINEAR LINEAR LINEAR LINEAR LINEAR LINEAR LINEAR LINEAR LINEAR LINEAR
LINEAR LINEAR LINEAR LINEAR LINEAR LINEAR LINEAR LINEAR LINEAR LINEAR LINEAR LINEAR
LINEAR LINEAR LINEAR LINEAR LINEAR LINEAR LINEAR LINEAR LINEAR LINEAR LINEAR LINEAR
LINEAR LINEAR LINEAR LINEAR LINEAR LINEAR LINEAR LINEAR LINEAR LINEAR LINEAR LINEAR
LINEAR LINEAR LINEAR LINEAR LINEAR LINEAR LINEAR LINEAR LINEAR LINEAR LINEAR LINEAR
LINEAR LINEAR LINEAR LINEAR LINEAR LINEAR LINEAR LINEAR LINEAR LINEAR LINEAR LINEAR
LINEAR LINEAR LINEAR LINEAR LINEAR LINEAR LINEAR LINEAR LINEAR LINEAR LINEAR LINEAR
LINEAR LINEAR LINEAR LINEAR LINEAR LINEAR LINEAR LINEAR LINEAR LINEAR LINEAR LINEAR
LINEAR LINEAR LINEAR LINEAR LINEAR LINEAR LINEAR LINEAR LINEAR LINEAR LINEAR LINEAR
LINEAR LINEAR</Name_array>
        <technique_common>
          <accessor source="#mixamorig2_Spine-Interpolations-array" count="109">
            <param type="name"/>
          </accessor>
        </technique_common>
      </source>
      <sampler id="mixamorig2_Spine-Matrix-animation-transform">
        <input semantic="INPUT" source="#mixamorig2_Spine-Matrix-animation-input"/>
        <input semantic="OUTPUT" source="#mixamorig2_Spine-Matrix-animation-output-transform"/>
        <input semantic="INTERPOLATION" source="#mixamorig2_Spine-Interpolations"/>
      </sampler>
      <channel source="#mixamorig2_Spine-Matrix-animation-transform" target="mixamorig2_Spine/matrix"/>
    </animation>
    <animation id="mixamorig2_Spine1-anim" name="mixamorig2_Spine1">
      <source id="mixamorig2_Spine1-Matrix-animation-input">
        <float_array id="mixamorig2_Spine1-Matrix-animation-input-array" count="109">

