<?xml version="1.0" encoding="utf-8"?>
<COLLADA xmlns="http://www.collada.org/2005/11/COLLADASchema" version="1.4.1">
  <asset>
    <contributor>
      <author>Mixamo</author>
      <authoring_tool>COLLADA Mixamo exporter</authoring_tool>
      <comments/>
    </contributor>
    <created>2023-03-17T21:41:27Z</created>
    <modified>2023-03-17T21:41:27Z</modified>
    <revision/>
    <title/>
    <unit meter="0.010000"/>
    <up_axis>Y_UP</up_axis>
  </asset>
  <library_animations>
    <animation id="mixamorig2_Hips-anim" name="mixamorig2_Hips">
      <source id="mixamorig2_Hips-Matrix-animation-input">
        <float_array id="mixamorig2_Hips-Matrix-animation-input-array" count="181">

0.000000 0.033333 0.066667 0.100000 0.133333 0.166667 0.200000 0.233333 0.266667 0.300000 0.333333 0.366667 0.400000 0.433333 0.466667 0.500000
0.533333 0.566667 0.600000 0.633333 0.666667 0.700000 0.733333 0.766667 0.800000 0.833333 0.866667 0.900000 0.933333 0.966667 1.000000 1.033333
1.066667 1.100000 1.133333 1.166667 1.200000 1.233333 1.266667 1.300000 1.333333 1.366667 1.400000 1.433333 1.466667 1.500000 1.533333 1.566667
1.600000 1.633333 1.666667 1.700000 1.733333 1.766667 1.800000 1.833333 1.866667 1.900000 1.933333 1.966667 2.000000 2.033333 2.066667 2.100000
2.133333 2.166667 2.200000 2.233333 2.266667 2.300000 2.333333 2.366667 2.400000 2.433333 2.466667 2.500000 2.533333 2.566667 2.600000 2.633333
2.666667 2.700000 2.733333 2.766667 2.800000 2.833333 2.866667 2.900000 2.933333 2.966667 3.000000 3.033333 3.066667 3.100000 3.133333 3.166667
3.200000 3.233333 3.266667 3.300000 3.333333 3.366667 3.400000 3.433333 3.466667 3.500000 3.533333 3.566667 3.600000 3.633333 3.666667 3.700000
3.733333 3.766667 3.800000 3.833333 3.866667 3.900000 3.933333 3.966667 4.000000 4.033333 4.066667 4.100000 4.133333 4.166667 4.200000 4.233333
4.266667 4.300000 4.333333 4.366667 4.400000 4.433333 4.466667 4.500000 4.533333 4.566667 4.600000 4.633333 4.666667 4.700000 4.733333 4.766667
4.800000 4.833333 4.866667 4.900000 4.933333 4.966667 5.000000 5.033333 5.066667 5.100000 5.133333 5.166667 5.200000 5.233333 5.266667 5.300000
5.333333 5.366667 5.400000 5.433333 5.466667 5.500000 5.533333 5.566667 5.600000 5.633333 5.666667 5.700000 5.733333 5.766667 5.800000 5.833333
5.866667 5.900000 5.933333 5.966667 6.000000</float_array>
        <technique_common>
          <accessor source="#mixamorig2_Hips-Matrix-animation-input-array" count="181">
            <param name="TIME" type="float"/>
          </accessor>
        </technique_common>
      </source>
      <source id="mixamorig2_Hips-Matrix-animation-output-transform">
        <float_array id="mixamorig2_Hips-Matrix-animation-output-transform-array" count="2896">

0.995497 0.048559 -0.081415 4.785493 -0.047610 0.998774 0.013559 99.317551 0.081974 -0.009622 0.996588 0.577860 0.000000 0.000000 0.000000 1.000000
0.995454 0.048620 -0.081899 4.788094 -0.047660 0.998771 0.013637 99.317253 0.082461 -0.009671 0.996547 0.574238 0.000000 0.000000 0.000000 1.000000
0.995422 0.048661 -0.082266 4.789969 -0.047692 0.998768 0.013707 99.316948 0.082831 -0.009721 0.996516 0.573815 0.000000 0.000000 0.000000 1.000000
0.995407 0.048687 -0.082424 4.792450 -0.047711 0.998766 0.013766 99.316635 0.082993 -0.009770 0.996502 0.573671 0.000000 0.000000 0.000000 1.000000
0.995403 0.048701 -0.082466 4.795582 -0.047721 0.998765 0.013819 99.316322 0.083037 -0.009820 0.996498 0.573674 0.000000 0.000000 0.000000 1.000000
0.995401 0.048710 -0.082489 4.799466 -0.047725 0.998764 0.013869 99.316002 0.083062 -0.009869 0.996495 0.573858 0.000000 0.000000 0.000000 1.000000
0.995398 0.048717 -0.082517 4.809849 -0.047728 0.998763 0.013920 99.315674 0.083094 -0.009918 0.996492 0.574450 0.000000 0.000000 0.000000 1.000000
0.995395 0.048728 -0.082554 4.820900 -0.047734 0.998762 0.013972 99.315338 0.083132 -0.009967 0.996489 0.575678 0.000000 0.000000 0.000000 1.000000
0.995387 0.048745 -0.082633 4.832570 -0.047746 0.998761 0.014026 99.315002 0.083214 -0.010016 0.996481 0.577545 0.000000 0.000000 0.000000 1.000000
0.995374 0.048775 -0.082776 4.844810 -0.047770 0.998759 0.014084 99.314659 0.083360 -0.010065 0.996469 0.585512 0.000000 0.000000 0.000000 1.000000
0.995364 0.048820 -0.082867 4.857569 -0.047809 0.998756 0.014141 99.314316 0.083454 -0.010114 0.996460 0.594875 0.000000 0.000000 0.000000 1.000000
0.995375 0.048881 -0.082700 4.870798 -0.047868 0.998753 0.014187 99.313957 0.083291 -0.010163 0.996473 0.605362 0.000000 0.000000 0.000000 1.000000
0.995407 0.048964 -0.082262 4.884447 -0.047953 0.998748 0.014223 99.313599 0.082855 -0.010213 0.996509 0.616700 0.000000 0.000000 0.000000 1.000000
0.995439 0.049075 -0.081804 4.898468 -0.048066 0.998742 0.014259 99.313232 0.082401 -0.010262 0.996546 0.628617 0.000000 0.000000 0.000000 1.000000
0.995453 0.049220 -0.081557 4.912809 -0.048210 0.998735 0.014309 99.312866 0.082159 -0.010312 0.996566 0.640839 0.000000 0.000000 0.000000 1.000000
0.995446 0.049404 -0.081532 4.927421 -0.048390 0.998725 0.014373 99.312500 0.082138 -0.010362 0.996567 0.653094 0.000000 0.000000 0.000000 1.000000
0.995422 0.049631 -0.081677 4.942256 -0.048610 0.998713 0.014449 99.312134 0.082289 -0.010412 0.996554 0.665109 0.000000 0.000000 0.000000 1.000000
0.995378 0.049898 -0.082049 4.957263 -0.048866 0.998699 0.014539 99.311752 0.082668 -0.010462 0.996522 0.676611 0.000000 0.000000 0.000000 1.000000
0.995311 0.050199 -0.082679 4.972392 -0.049152 0.998684 0.014645 99.311371 0.083305 -0.010512 0.996469 0.687327 0.000000 0.000000 0.000000 1.000000
0.995223 0.050528 -0.083534 4.987593 -0.049464 0.998667 0.014765 99.310989 0.084169 -0.010563 0.996396 0.696985 0.000000 0.000000 0.000000 1.000000
0.995107 0.050886 -0.084691 5.002819 -0.049799 0.998648 0.014904 99.310600 0.085335 -0.010613 0.996296 0.705312 0.000000 0.000000 0.000000 1.000000
0.994950 0.051270 -0.086287 5.018017 -0.050153 0.998628 0.015068 99.310211 0.086941 -0.010664 0.996156 0.712035 0.000000 0.000000 0.000000 1.000000
0.994757 0.051677 -0.088255 5.033140 -0.050524 0.998606 0.015254 99.309830 0.088920 -0.010715 0.995981 0.716882 0.000000 0.000000 0.000000 1.000000
0.994557 0.052100 -0.090233 5.048137 -0.050910 0.998584 0.015444 99.309433 0.090910 -0.010766 0.995801 0.719579 0.000000 0.000000 0.000000 1.000000
0.994392 0.052532 -0.091788 5.062959 -0.051310 0.998561 0.015615 99.309044 0.092476 -0.010818 0.995656 0.719854 0.000000 0.000000 0.000000 1.000000
0.994282 0.052967 -0.092721 5.077555 -0.051724 0.998537 0.015761 99.308647 0.093420 -0.010875 0.995567 0.717434 0.000000 0.000000 0.000000 1.000000
0.994224 0.053404 -0.093098 5.091877 -0.052147 0.998513 0.015885 99.308243 0.093808 -0.010939 0.995530 0.712046 0.000000 0.000000 0.000000 1.000000
0.994228 0.053838 -0.092803 5.105874 -0.052578 0.998489 0.015980 99.307846 0.093523 -0.011009 0.995556 0.704441 0.000000 0.000000 0.000000 1.000000
0.994239 0.054274 -0.092432 5.119497 -0.053010 0.998465 0.016075 99.307449 0.093163 -0.011082 0.995589 0.695599 0.000000 0.000000 0.000000 1.000000
0.994254 0.054707 -0.092006 5.132697 -0.053441 0.998440 0.016168 99.307053 0.092747 -0.011158 0.995627 0.685593 0.000000 0.000000 0.000000 1.000000
0.994273 0.055135 -0.091546 5.145424 -0.053868 0.998416 0.016259 99.306648 0.092297 -0.011235 0.995668 0.674493 0.000000 0.000000 0.000000 1.000000
0.994293 0.055556 -0.091071 5.157628 -0.054288 0.998391 0.016348 99.306244 0.091833 -0.011311 0.995710 0.662371 0.000000 0.000000 0.000000 1.000000
0.994313 0.055967 -0.090603 5.169259 -0.054698 0.998368 0.016434 99.305840 0.091375 -0.011385 0.995751 0.649299 0.000000 0.000000 0.000000 1.000000
0.994331 0.056365 -0.090162 5.180268 -0.055094 0.998345 0.016517 99.305443 0.090944 -0.011456 0.995790 0.635349 0.000000 0.000000 0.000000 1.000000
0.994345 0.056746 -0.089768 5.190605 -0.055475 0.998322 0.016595 99.305046 0.090559 -0.011521 0.995824 0.620592 0.000000 0.000000 0.000000 1.000000
0.994353 0.057109 -0.089442 5.200221 -0.055837 0.998301 0.016668 99.304642 0.090242 -0.011580 0.995853 0.605100 0.000000 0.000000 0.000000 1.000000
0.994355 0.057451 -0.089204 5.209065 -0.056176 0.998281 0.016737 99.304245 0.090012 -0.011631 0.995873 0.588945 0.000000 0.000000 0.000000 1.000000
0.994348 0.057768 -0.089075 5.217089 -0.056491 0.998262 0.016799 99.303848 0.089890 -0.011672 0.995883 0.572199 0.000000 0.000000 0.000000 1.000000
0.994331 0.058059 -0.089075 5.224242 -0.056777 0.998245 0.016856 99.303444 0.089897 -0.011703 0.995882 0.554932 0.000000 0.000000 0.000000 1.000000
0.994303 0.058320 -0.089224 5.230475 -0.057033 0.998229 0.016906 99.303047 0.090052 -0.011721 0.995868 0.537217 0.000000 0.000000 0.000000 1.000000
0.994256 0.058548 -0.089596 5.235739 -0.057254 0.998216 0.016937 99.302658 0.090427 -0.011710 0.995834 0.519125 0.000000 0.000000 0.000000 1.000000
0.994189 0.058726 -0.090215 5.239983 -0.057426 0.998206 0.016940 99.302261 0.091048 -0.011661 0.995778 0.500729 0.000000 0.000000 0.000000 1.000000
0.994108 0.058844 -0.091035 5.243158 -0.057537 0.998200 0.016920 99.301872 0.091867 -0.011582 0.995704 0.482099 0.000000 0.000000 0.000000 1.000000
0.994014 0.058911 -0.092010 5.245215 -0.057596 0.998197 0.016884 99.301483 0.092838 -0.011484 0.995615 0.463307 0.000000 0.000000 0.000000 1.000000
0.993912 0.058931 -0.093090 5.246103 -0.057608 0.998197 0.016840 99.301094 0.093915 -0.011375 0.995515 0.444426 0.000000 0.000000 0.000000 1.000000
0.993806 0.058912 -0.094231 5.245773 -0.057580 0.998200 0.016796 99.300713 0.095051 -0.011266 0.995409 0.425527 0.000000 0.000000 0.000000 1.000000
0.993699 0.058860 -0.095383 5.244176 -0.057518 0.998204 0.016757 99.300331 0.096198 -0.011165 0.995300 0.406680 0.000000 0.000000 0.000000 1.000000
0.993596 0.058782 -0.096501 5.241261 -0.057430 0.998209 0.016731 99.299957 0.097311 -0.011082 0.995192 0.387959 0.000000 0.000000 0.000000 1.000000
0.993500 0.058684 -0.097537 5.236980 -0.057322 0.998216 0.016712 99.299583 0.098344 -0.011013 0.995092 0.369435 0.000000 0.000000 0.000000 1.000000
0.993417 0.058571 -0.098446 5.231712 -0.057201 0.998223 0.016686 99.299210 0.099248 -0.010945 0.995003 0.351179 0.000000 0.000000 0.000000 1.000000
0.993436 0.058438 -0.098337 5.225882 -0.057077 0.998232 0.016603 99.298843 0.099133 -0.010881 0.995015 0.333264 0.000000 0.000000 0.000000 1.000000
0.993429 0.058308 -0.098486 5.219502 -0.056951 0.998240 0.016536 99.298477 0.099277 -0.010818 0.995001 0.315760 0.000000 0.000000 0.000000 1.000000
0.993415 0.058183 -0.098696 5.212587 -0.056829 0.998248 0.016474 99.298126 0.099482 -0.010757 0.994981 0.298740 0.000000 0.000000 0.000000 1.000000
0.993399 0.058069 -0.098928 5.205152 -0.056718 0.998255 0.016417 99.297768 0.099708 -0.010697 0.994959 0.282275 0.000000 0.000000 0.000000 1.000000
0.993383 0.057974 -0.099141 5.197209 -0.056626 0.998261 0.016361 99.297417 0.099918 -0.010639 0.994939 0.266436 0.000000 0.000000 0.000000 1.000000
0.993372 0.057902 -0.099299 5.188773 -0.056557 0.998266 0.016306 99.297073 0.100071 -0.010582 0.994924 0.251297 0.000000 0.000000 0.000000 1.000000
0.993369 0.057843 -0.099362 5.179858 -0.056503 0.998270 0.016249 99.296730 0.100130 -0.010527 0.994919 0.236927 0.000000 0.000000 0.000000 1.000000
0.993379 0.057782 -0.099291 5.170478 -0.056449 0.998274 0.016184 99.296394 0.100055 -0.010472 0.994927 0.223399 0.000000 0.000000 0.000000 1.000000
0.993409 0.057720 -0.099029 5.160647 -0.056397 0.998278 0.016110 99.296066 0.099789 -0.010419 0.994954 0.210785 0.000000 0.000000 0.000000 1.000000
0.993457 0.057655 -0.098589 5.150380 -0.056344 0.998283 0.016026 99.295746 0.099343 -0.010366 0.994999 0.199156 0.000000 0.000000 0.000000 1.000000
0.993515 0.057588 -0.098037 5.139688 -0.056292 0.998287 0.015937 99.295425 0.098787 -0.010314 0.995055 0.188584 0.000000 0.000000 0.000000 1.000000
0.993578 0.057521 -0.097442 5.128589 -0.056240 0.998292 0.015845 99.295113 0.098187 -0.010263 0.995115 0.179141 0.000000 0.000000 0.000000 1.000000
0.993637 0.057454 -0.096871 5.117094 -0.056188 0.998296 0.015755 99.294807 0.097611 -0.010212 0.995172 0.170898 0.000000 0.000000 0.000000 1.000000
0.993688 0.057388 -0.096392 5.105217 -0.056134 0.998300 0.015671 99.294510 0.097128 -0.010162 0.995220 0.163926 0.000000 0.000000 0.000000 1.000000
0.993689 0.057327 -0.096420 5.092974 -0.056078 0.998304 0.015616 99.294212 0.097151 -0.010110 0.995218 0.158299 0.000000 0.000000 0.000000 1.000000
0.993702 0.057264 -0.096318 5.080378 -0.056022 0.998308 0.015553 99.293930 0.097046 -0.010059 0.995229 0.154086 0.000000 0.000000 0.000000 1.000000
0.993705 0.057202 -0.096328 5.067442 -0.055965 0.998312 0.015496 99.293648 0.097052 -0.010008 0.995229 0.151361 0.000000 0.000000 0.000000 1.000000
0.993687 0.057141 -0.096546 5.054183 -0.055906 0.998316 0.015451 99.293373 0.097267 -0.009956 0.995209 0.150194 0.000000 0.000000 0.000000 1.000000
0.993666 0.057081 -0.096792 5.040611 -0.055848 0.998320 0.015407 99.293114 0.097509 -0.009904 0.995185 0.150657 0.000000 0.000000 0.000000 1.000000
0.993644 0.057021 -0.097059 5.026742 -0.055789 0.998324 0.015363 99.292854 0.097772 -0.009851 0.995160 0.152823 0.000000 0.000000 0.000000 1.000000
0.993620 0.056961 -0.097340 5.012591 -0.055730 0.998328 0.015320 99.292610 0.098050 -0.009798 0.995133 0.156390 0.000000 0.000000 0.000000 1.000000
0.993595 0.056900 -0.097627 4.998170 -0.055670 0.998332 0.015276 99.292374 0.098334 -0.009743 0.995106 0.160987 0.000000 0.000000 0.000000 1.000000
0.993570 0.056839 -0.097915 4.983495 -0.055611 0.998336 0.015231 99.292137 0.098618 -0.009688 0.995078 0.166580 0.000000 0.000000 0.000000 1.000000
0.993546 0.056778 -0.098195 4.968578 -0.055551 0.998340 0.015185 99.291916 0.098894 -0.009632 0.995051 0.173135 0.000000 0.000000 0.000000 1.000000
0.993523 0.056716 -0.098461 4.953434 -0.055492 0.998344 0.015136 99.291702 0.099156 -0.009574 0.995026 0.180618 0.000000 0.000000 0.000000 1.000000
0.993503 0.056654 -0.098706 4.938077 -0.055432 0.998349 0.015085 99.291504 0.099397 -0.009515 0.995002 0.188995 0.000000 0.000000 0.000000 1.000000
0.993485 0.056592 -0.098922 4.922522 -0.055372 0.998353 0.015031 99.291298 0.099609 -0.009455 0.994982 0.198231 0.000000 0.000000 0.000000 1.000000
0.993470 0.056529 -0.099102 4.906781 -0.055313 0.998357 0.014973 99.291115 0.099786 -0.009394 0.994965 0.208293 0.000000 0.000000 0.000000 1.000000
0.993460 0.056465 -0.099240 4.890869 -0.055254 0.998361 0.014911 99.290939 0.099920 -0.009330 0.994952 0.219146 0.000000 0.000000 0.000000 1.000000
0.993475 0.056398 -0.099129 4.874799 -0.055196 0.998365 0.014834 99.290779 0.099803 -0.009265 0.994964 0.230756 0.000000 0.000000 0.000000 1.000000
0.993518 0.056329 -0.098738 4.858587 -0.055140 0.998370 0.014738 99.290619 0.099407 -0.009199 0.995004 0.243090 0.000000 0.000000 0.000000 1.000000
0.993563 0.056260 -0.098327 4.842246 -0.055083 0.998374 0.014640 99.290474 0.098991 -0.009130 0.995046 0.256112 0.000000 0.000000 0.000000 1.000000
0.993583 0.056192 -0.098155 4.825789 -0.055026 0.998379 0.014553 99.290337 0.098814 -0.009059 0.995065 0.269789 0.000000 0.000000 0.000000 1.000000
0.993564 0.056128 -0.098393 4.809232 -0.054966 0.998383 0.014486 99.290215 0.099047 -0.008985 0.995042 0.284087 0.000000 0.000000 0.000000 1.000000
0.993518 0.056066 -0.098884 4.792588 -0.054905 0.998387 0.014431 99.290100 0.099533 -0.008908 0.994994 0.298971 0.000000 0.000000 0.000000 1.000000
0.993471 0.056004 -0.099395 4.775870 -0.054844 0.998391 0.014374 99.289993 0.100040 -0.008829 0.994944 0.314408 0.000000 0.000000 0.000000 1.000000
0.993445 0.055940 -0.099693 4.759093 -0.054784 0.998396 0.014302 99.289902 0.100333 -0.008747 0.994915 0.330363 0.000000 0.000000 0.000000 1.000000
0.993463 0.055872 -0.099546 4.742271 -0.054727 0.998400 0.014203 99.289833 0.100180 -0.008663 0.994932 0.346802 0.000000 0.000000 0.000000 1.000000
0.993513 0.055801 -0.099091 4.725419 -0.054671 0.998405 0.014084 99.289764 0.099719 -0.008575 0.994979 0.363691 0.000000 0.000000 0.000000 1.000000
0.993563 0.055730 -0.098620 4.708549 -0.054616 0.998410 0.013961 99.289703 0.099241 -0.008485 0.995027 0.380996 0.000000 0.000000 0.000000 1.000000
0.993616 0.055658 -0.098134 4.691676 -0.054561 0.998415 0.013834 99.289658 0.098748 -0.008392 0.995077 0.398682 0.000000 0.000000 0.000000 1.000000
0.993669 0.055586 -0.097634 4.674814 -0.054506 0.998419 0.013703 99.289635 0.098241 -0.008295 0.995128 0.416717 0.000000 0.000000 0.000000 1.000000
0.993723 0.055515 -0.097121 4.657977 -0.054451 0.998424 0.013568 99.289612 0.097722 -0.008195 0.995180 0.435064 0.000000 0.000000 0.000000 1.000000
0.993778 0.055442 -0.096597 4.641178 -0.054397 0.998429 0.013429 99.289612 0.097189 -0.008091 0.995233 0.453691 0.000000 0.000000 0.000000 1.000000
0.993834 0.055370 -0.096061 4.624433 -0.054342 0.998434 0.013285 99.289612 0.096646 -0.007983 0.995287 0.472564 0.000000 0.000000 0.000000 1.000000
0.993891 0.055298 -0.095515 4.607754 -0.054289 0.998439 0.013137 99.289642 0.096092 -0.007871 0.995341 0.491647 0.000000 0.000000 0.000000 1.000000
0.993948 0.055226 -0.094960 4.591156 -0.054235 0.998444 0.012984 99.289711 0.095529 -0.007756 0.995396 0.510907 0.000000 0.000000 0.000000 1.000000
0.994006 0.055152 -0.094397 4.574654 -0.054181 0.998449 0.012813 99.289886 0.094957 -0.007622 0.995452 0.530310 0.000000 0.000000 0.000000 1.000000
0.994064 0.055076 -0.093828 4.558259 -0.054128 0.998454 0.012612 99.290154 0.094378 -0.007459 0.995509 0.549822 0.000000 0.000000 0.000000 1.000000
0.994121 0.055026 -0.093254 4.541989 -0.054104 0.998458 0.012387 99.290497 0.093791 -0.007269 0.995565 0.569408 0.000000 0.000000 0.000000 1.000000
0.994176 0.055006 -0.092674 4.525855 -0.054111 0.998461 0.012142 99.290916 0.093199 -0.007056 0.995622 0.589035 0.000000 0.000000 0.000000 1.000000
0.994232 0.054975 -0.092091 4.509871 -0.054109 0.998464 0.011874 99.291420 0.092603 -0.006823 0.995680 0.608668 0.000000 0.000000 0.000000 1.000000
0.994290 0.054893 -0.091506 4.494053 -0.054058 0.998471 0.011584 99.292000 0.092002 -0.006572 0.995737 0.628273 0.000000 0.000000 0.000000 1.000000
0.994354 0.054722 -0.090919 4.478414 -0.053918 0.998482 0.011272 99.292648 0.091398 -0.006306 0.995794 0.647816 0.000000 0.000000 0.000000 1.000000
0.994420 0.054489 -0.090332 4.462967 -0.053718 0.998496 0.010943 99.293358 0.090792 -0.006030 0.995852 0.667263 0.000000 0.000000 0.000000 1.000000
0.994486 0.054249 -0.089743 4.447728 -0.053511 0.998511 0.010605 99.294136 0.090185 -0.005745 0.995908 0.686580 0.000000 0.000000 0.000000 1.000000
0.994553 0.054003 -0.089155 4.432709 -0.053299 0.998526 0.010262 99.294968 0.089578 -0.005454 0.995965 0.705733 0.000000 0.000000 0.000000 1.000000
0.994619 0.053752 -0.088567 4.417925 -0.053081 0.998541 0.009916 99.295860 0.088971 -0.005162 0.996021 0.724687 0.000000 0.000000 0.000000 1.000000
0.994685 0.053496 -0.087981 4.403390 -0.052858 0.998556 0.009571 99.296799 0.088366 -0.004870 0.996076 0.743408 0.000000 0.000000 0.000000 1.000000
0.994750 0.053238 -0.087396 4.389118 -0.052631 0.998571 0.009230 99.297783 0.087763 -0.004582 0.996131 0.761862 0.000000 0.000000 0.000000 1.000000
0.994815 0.052976 -0.086815 4.375123 -0.052400 0.998587 0.008896 99.298813 0.087164 -0.004301 0.996185 0.780016 0.000000 0.000000 0.000000 1.000000
0.994879 0.052712 -0.086238 4.361419 -0.052166 0.998602 0.008573 99.299881 0.086569 -0.004030 0.996238 0.797834 0.000000 0.000000 0.000000 1.000000
0.994943 0.052447 -0.085664 4.348019 -0.051929 0.998617 0.008262 99.300980 0.085979 -0.003772 0.996290 0.815284 0.000000 0.000000 0.000000 1.000000
0.995005 0.052181 -0.085096 4.334939 -0.051690 0.998631 0.007968 99.302116 0.085396 -0.003530 0.996341 0.832330 0.000000 0.000000 0.000000 1.000000
0.995067 0.051916 -0.084535 4.322190 -0.051449 0.998646 0.007694 99.303268 0.084820 -0.003307 0.996391 0.848938 0.000000 0.000000 0.000000 1.000000
0.995128 0.051651 -0.083979 4.309790 -0.051206 0.998660 0.007442 99.304459 0.084251 -0.003106 0.996440 0.865075 0.000000 0.000000 0.000000 1.000000
0.995188 0.051388 -0.083432 4.297750 -0.050963 0.998674 0.007216 99.305656 0.083692 -0.002930 0.996487 0.880706 0.000000 0.000000 0.000000 1.000000
0.995246 0.051131 -0.082890 4.286084 -0.050719 0.998688 0.007063 99.306870 0.083142 -0.002825 0.996534 0.895798 0.000000 0.000000 0.000000 1.000000
0.995303 0.050882 -0.082354 4.274808 -0.050476 0.998701 0.007009 99.308098 0.082604 -0.002819 0.996578 0.910315 0.000000 0.000000 0.000000 1.000000
0.995359 0.050640 -0.081826 4.263935 -0.050233 0.998713 0.007029 99.309334 0.082077 -0.002886 0.996622 0.924225 0.000000 0.000000 0.000000 1.000000
0.995414 0.050403 -0.081309 4.253478 -0.049991 0.998724 0.007098 99.310570 0.081563 -0.003000 0.996664 0.937492 0.000000 0.000000 0.000000 1.000000
0.995434 0.050171 -0.081199 4.243452 -0.049749 0.998736 0.007210 99.311813 0.081458 -0.003137 0.996672 0.950083 0.000000 0.000000 0.000000 1.000000
0.995421 0.049941 -0.081507 4.233871 -0.049507 0.998747 0.007340 99.313049 0.081771 -0.003271 0.996646 0.961963 0.000000 0.000000 0.000000 1.000000
0.995420 0.049712 -0.081654 4.224750 -0.049269 0.998758 0.007434 99.314270 0.081922 -0.003376 0.996633 0.973099 0.000000 0.000000 0.000000 1.000000
0.995454 0.049483 -0.081378 4.216100 -0.049036 0.998769 0.007487 99.315483 0.081648 -0.003462 0.996655 0.983455 0.000000 0.000000 0.000000 1.000000
0.995501 0.049258 -0.080940 4.207938 -0.048807 0.998780 0.007541 99.316673 0.081213 -0.003556 0.996690 0.992999 0.000000 0.000000 0.000000 1.000000
0.995544 0.049038 -0.080550 4.200276 -0.048582 0.998790 0.007610 99.317863 0.080825 -0.003662 0.996722 1.001696 0.000000 0.000000 0.000000 1.000000
0.995554 0.049051 -0.080413 4.193130 -0.048586 0.998789 0.007725 99.319016 0.080694 -0.003784 0.996732 1.009512 0.000000 0.000000 0.000000 1.000000
0.995547 0.049015 -0.080518 4.186512 -0.048539 0.998790 0.007867 99.320137 0.080806 -0.003924 0.996722 1.016413 0.000000 0.000000 0.000000 1.000000
0.995534 0.048980 -0.080699 4.180438 -0.048490 0.998791 0.008025 99.321236 0.080994 -0.004076 0.996706 1.022364 0.000000 0.000000 0.000000 1.000000
0.995517 0.048946 -0.080936 4.174920 -0.048441 0.998792 0.008188 99.322380 0.081239 -0.004230 0.996686 1.027331 0.000000 0.000000 0.000000 1.000000
0.995496 0.048911 -0.081209 4.169972 -0.048391 0.998794 0.008354 99.323662 0.081520 -0.004387 0.996662 1.031281 0.000000 0.000000 0.000000 1.000000
0.995474 0.048876 -0.081499 4.165610 -0.048341 0.998795 0.008524 99.325050 0.081818 -0.004546 0.996637 1.033742 0.000000 0.000000 0.000000 1.000000
0.995452 0.048841 -0.081786 4.161846 -0.048291 0.998795 0.008695 99.326515 0.082112 -0.004706 0.996612 1.034323 0.000000 0.000000 0.000000 1.000000
0.995432 0.048806 -0.082049 4.159122 -0.048240 0.998796 0.008867 99.328049 0.082383 -0.004868 0.996589 1.033107 0.000000 0.000000 0.000000 1.000000
0.995416 0.048771 -0.082269 4.157837 -0.048190 0.998797 0.009038 99.329628 0.082611 -0.005032 0.996569 1.030178 0.000000 0.000000 0.000000 1.000000
0.995405 0.048735 -0.082426 4.157941 -0.048139 0.998798 0.009208 99.331238 0.082776 -0.005197 0.996555 1.025620 0.000000 0.000000 0.000000 1.000000
0.995400 0.048699 -0.082500 4.159387 -0.048088 0.998799 0.009374 99.332840 0.082858 -0.005364 0.996547 1.019516 0.000000 0.000000 0.000000 1.000000
0.995411 0.048662 -0.082396 4.162124 -0.048039 0.998800 0.009533 99.334427 0.082761 -0.005531 0.996554 1.011951 0.000000 0.000000 0.000000 1.000000
0.995438 0.048624 -0.082095 4.166104 -0.047990 0.998801 0.009683 99.335976 0.082467 -0.005699 0.996577 1.003007 0.000000 0.000000 0.000000 1.000000
0.995473 0.048585 -0.081692 4.171279 -0.047941 0.998802 0.009829 99.337463 0.082072 -0.005868 0.996609 0.992770 0.000000 0.000000 0.000000 1.000000
0.995508 0.048546 -0.081283 4.177599 -0.047893 0.998803 0.009975 99.338860 0.081670 -0.006038 0.996641 0.981321 0.000000 0.000000 0.000000 1.000000
0.995536 0.048508 -0.080963 4.185016 -0.047844 0.998804 0.010126 99.340157 0.081357 -0.006207 0.996666 0.968746 0.000000 0.000000 0.000000 1.000000
0.995549 0.048471 -0.080825 4.193481 -0.047794 0.998804 0.010286 99.341331 0.081227 -0.006377 0.996675 0.955128 0.000000 0.000000 0.000000 1.000000
0.995543 0.048436 -0.080921 4.202944 -0.047744 0.998805 0.010457 99.341942 0.081331 -0.006547 0.996666 0.940551 0.000000 0.000000 0.000000 1.000000
0.995523 0.048402 -0.081186 4.213357 -0.047694 0.998805 0.010635 99.341835 0.081604 -0.006716 0.996642 0.925098 0.000000 0.000000 0.000000 1.000000
0.995496 0.048369 -0.081539 4.224672 -0.047644 0.998806 0.010818 99.341415 0.081965 -0.006884 0.996611 0.908854 0.000000 0.000000 0.000000 1.000000
0.995468 0.048336 -0.081900 4.236838 -0.047594 0.998806 0.011000 99.341087 0.082334 -0.007052 0.996580 0.891901 0.000000 0.000000 0.000000 1.000000
0.995445 0.048304 -0.082191 4.249809 -0.047544 0.998807 0.011178 99.340912 0.082632 -0.007220 0.996554 0.874324 0.000000 0.000000 0.000000 1.000000
0.995435 0.048271 -0.082330 4.263534 -0.047496 0.998807 0.011348 99.340698 0.082779 -0.007386 0.996541 0.856207 0.000000 0.000000 0.000000 1.000000
0.995447 0.048236 -0.082207 4.277964 -0.047449 0.998807 0.011504 99.340469 0.082664 -0.007551 0.996549 0.837633 0.000000 0.000000 0.000000 1.000000
0.995477 0.048201 -0.081872 4.293051 -0.047404 0.998808 0.011649 99.340233 0.082336 -0.007715 0.996575 0.818686 0.000000 0.000000 0.000000 1.000000
0.995510 0.048165 -0.081482 4.308746 -0.047359 0.998808 0.011790 99.340034 0.081952 -0.007878 0.996605 0.799449 0.000000 0.000000 0.000000 1.000000
0.995535 0.048130 -0.081196 4.325001 -0.047315 0.998809 0.011934 99.339882 0.081673 -0.008039 0.996627 0.780007 0.000000 0.000000 0.000000 1.000000
0.995531 0.048099 -0.081271 4.341765 -0.047270 0.998809 0.012094 99.340034 0.081756 -0.008198 0.996619 0.760444 0.000000 0.000000 0.000000 1.000000
0.995534 0.048069 -0.081244 4.358991 -0.047228 0.998809 0.012246 99.340286 0.081736 -0.008355 0.996619 0.740842 0.000000 0.000000 0.000000 1.000000
0.995572 0.048036 -0.080801 4.376629 -0.047187 0.998809 0.012377 99.339973 0.081299 -0.008509 0.996653 0.721286 0.000000 0.000000 0.000000 1.000000
0.995617 0.048002 -0.080265 4.394632 -0.047148 0.998810 0.012501 99.339134 0.080769 -0.008662 0.996695 0.701860 0.000000 0.000000 0.000000 1.000000
0.995667 0.047969 -0.079669 4.412949 -0.047111 0.998810 0.012620 99.338287 0.080179 -0.008812 0.996742 0.682647 0.000000 0.000000 0.000000 1.000000
0.995718 0.047936 -0.079045 4.431531 -0.047074 0.998810 0.012735 99.337418 0.079562 -0.008959 0.996790 0.663731 0.000000 0.000000 0.000000 1.000000
0.995768 0.047903 -0.078427 4.450331 -0.047037 0.998811 0.012847 99.336533 0.078950 -0.009104 0.996837 0.645196 0.000000 0.000000 0.000000 1.000000
0.995815 0.047870 -0.077848 4.469299 -0.047001 0.998811 0.012958 99.335632 0.078376 -0.009245 0.996881 0.627125 0.000000 0.000000 0.000000 1.000000
0.995856 0.047839 -0.077340 4.488387 -0.046965 0.998811 0.013069 99.334724 0.077873 -0.009383 0.996919 0.609603 0.000000 0.000000 0.000000 1.000000
0.995889 0.047808 -0.076936 4.507545 -0.046929 0.998811 0.013182 99.333809 0.077475 -0.009517 0.996949 0.592712 0.000000 0.000000 0.000000 1.000000
0.995911 0.047778 -0.076669 4.526724 -0.046893 0.998811 0.013297 99.332878 0.077213 -0.009647 0.996968 0.576537 0.000000 0.000000 0.000000 1.000000
0.995920 0.047749 -0.076572 4.545877 -0.046856 0.998812 0.013417 99.331940 0.077122 -0.009774 0.996974 0.561162 0.000000 0.000000 0.000000 1.000000
0.995918 0.047722 -0.076618 4.564953 -0.046819 0.998812 0.013539 99.330994 0.077173 -0.009896 0.996969 0.546670 0.000000 0.000000 0.000000 1.000000
0.995909 0.047694 -0.076749 4.583905 -0.046781 0.998812 0.013661 99.330032 0.077310 -0.010015 0.996957 0.533145 0.000000 0.000000 0.000000 1.000000
0.995894 0.047662 -0.076961 4.602682 -0.046742 0.998813 0.013715 99.329071 0.077523 -0.010061 0.996940 0.520671 0.000000 0.000000 0.000000 1.000000
0.995874 0.047621 -0.077242 4.621237 -0.046703 0.998815 0.013658 99.328110 0.077801 -0.009994 0.996919 0.509332 0.000000 0.000000 0.000000 1.000000
0.995850 0.047575 -0.077582 4.639521 -0.046663 0.998819 0.013527 99.327141 0.078134 -0.009851 0.996894 0.499210 0.000000 0.000000 0.000000 1.000000
0.995821 0.047564 -0.077967 4.657484 -0.046661 0.998821 0.013362 99.326172 0.078510 -0.009668 0.996866 0.493574 0.000000 0.000000 0.000000 1.000000
0.995788 0.047554 -0.078385 4.675077 -0.046660 0.998824 0.013198 99.325195 0.078920 -0.009485 0.996836 0.494712 0.000000 0.000000 0.000000 1.000000
0.995754 0.047546 -0.078824 4.692253 -0.046658 0.998825 0.013071 99.324234 0.079353 -0.009338 0.996803 0.501239 0.000000 0.000000 0.000000 1.000000
0.995719 0.047545 -0.079273 4.708961 -0.046657 0.998826 0.013019 99.323265 0.079798 -0.009265 0.996768 0.511771 0.000000 0.000000 0.000000 1.000000
0.995683 0.047550 -0.079718 4.725154 -0.046655 0.998826 0.013058 99.322296 0.080245 -0.009282 0.996732 0.524923 0.000000 0.000000 0.000000 1.000000
0.995647 0.047561 -0.080151 4.740783 -0.046653 0.998824 0.013162 99.321335 0.080683 -0.009366 0.996696 0.539310 0.000000 0.000000 0.000000 1.000000
0.995614 0.047575 -0.080563 4.755797 -0.046652 0.998823 0.013303 99.320366 0.081101 -0.009486 0.996661 0.553547 0.000000 0.000000 0.000000 1.000000
0.995582 0.047589 -0.080944 4.770150 -0.046650 0.998821 0.013451 99.319420 0.081489 -0.009616 0.996628 0.566251 0.000000 0.000000 0.000000 1.000000
0.995553 0.047601 -0.081286 4.783790 -0.046649 0.998819 0.013579 99.318474 0.081836 -0.009727 0.996598 0.576037 0.000000 0.000000 0.000000 1.000000
0.995542 0.047603 -0.081424 4.785489 -0.046648 0.998819 0.013586 99.317535 0.081974 -0.009727 0.996587 0.577860 0.000000 0.000000 0.000000 1.000000</float_array>
        <technique_common>
          <accessor source="#mixamorig2_Hips-Matrix-animation-output-transform-array" count="181" stride="16">
            <param type="float4x4"/>
          </accessor>
        </technique_common>
      </source>
      <source id="mixamorig2_Hips-Interpolations">
        <Name_array id="mixamorig2_Hips-Interpolations-array" count="181">
 LINEAR LINEAR LINEAR LINEAR LINEAR LINEAR LINEAR LINEAR LINEAR LINEAR LINEAR
LINEAR LINEAR LINEAR LINEAR LINEAR LINEAR LINEAR LINEAR LINEAR LINEAR LINEAR LINEAR
LINEAR LINEAR LINEAR LINEAR LINEAR LINEAR LINEAR LINEAR LINEAR LINEAR LINEAR LINEAR
LINEAR LINEAR LINEAR LINEAR LINEAR LINEAR LINEAR LINEAR LINEAR LINEAR LINEAR LINEAR
LINEAR LINEAR LINEAR LINEAR LINEAR LINEAR LINEAR LINEAR LINEAR LINEAR LINEAR LINEAR
LINEAR LINEAR LINEAR LINEAR LINEAR LINEAR LINEAR LINEAR LINEAR LINEAR LINEAR LINEAR
LINEAR LINEAR LINEAR LINEAR LINEAR LINEAR LINEAR LINEAR LINEAR LINEAR LINEAR LINEAR
LINEAR LINEAR LINEAR LINEAR LINEAR LINEAR LINEAR LINEAR LINEAR LINEAR LINEAR LINEAR
LINEAR LINEAR LINEAR LINEAR LINEAR LINEAR LINEAR LINEAR LINEAR LINEAR LINEAR LINEAR
LINEAR LINEAR LINEAR LINEAR LINEAR LINEAR LINEAR LINEAR LINEAR LINEAR LINEAR LINEAR
LINEAR LINEAR LINEAR LINEAR LINEAR LINEAR LINEAR LINEAR LINEAR LINEAR LINEAR LINEAR
LINEAR LINEAR LINEAR LINEAR LINEAR LINEAR LINEAR LINEAR LINEAR LINEAR LINEAR LINEAR
LINEAR LINEAR LINEAR LINEAR LINEAR LINEAR LINEAR LINEAR LINEAR LINEAR LINEAR LINEAR
LINEAR LINEAR LINEAR LINEAR LINEAR LINEAR LINEAR LINEAR LINEAR LINEAR LINEAR LINEAR
LINEAR LINEAR LINEAR LINEAR LINEAR LINEAR LINEAR LINEAR LINEAR LINEAR LINEAR LINEAR
LINEAR LINEAR</Name_array>
        <technique_common>
          <accessor source="#mixamorig2_Hips-Interpolations-array" count="181">
            <param type="name"/>
          </accessor>
        </technique_common>
      </source>
      <sampler id="mixamorig2_Hips-Matrix-animation-transform">
        <input semantic="INPUT" source="#mixamorig2_Hips-Matrix-animation-input"/>
        <input semantic="OUTPUT" source="#mixamorig2_Hips-Matrix-animation-output-transform"/>
        <input semantic="INTERPOLATION" source="#mixamorig2_Hips-Interpolations"/>
      </sampler>
      <channel source="#mixamorig2_Hips-Matrix-animation-transform" target="mixamorig2_Hips/matrix"/>
    </animation>
    <animation id="mixamorig2_Spine-anim" name="mixamorig2_Spine">
      <source id="mixamorig2_Spine-Matrix-animation-input">
        <float_array id="mixamorig2_Spine-Matrix-animation-input-array" count="181">

0.000000 0.033333 0.066667 0.100000 0.133333 0.166667 0.200000 0.233333 0.266667 0.300000 0.333333 0.366667 0.400000 0.433333 0.466667 0.500000
0.533333 0.566667 0.600000 0.633333 0.666667 0.700000 0.733333 0.766667 0.800000 0.833333 0.866667 0.900000 0.933333 0.966667 1.000000 1.033333
1.066667 1.100000 1.133333 1.166667 1.200000 1.233333 1.266667 1.300000 1.333333 1.366667 1.400000 1.433333 1.466667 1.500000 1.533333 1.566667
1.600000 1.633333 1.666667 1.700000 1.733333 1.766667 1.800000 1.833333 1.866667 1.900000 1.933333 1.966667 2.000000 2.033333 2.066667 2.100000
2.133333 2.166667 2.200000 2.233333 2.266667 2.300000 2.333333 2.366667 2.400000 2.433333 2.466667 2.500000 2.533333 2.566667 2.600000 2.633333
2.666667 2.700000 2.733333 2.766667 2.800000 2.833333 2.866667 2.900000 2.933333 2.966667 3.000000 3.033333 3.066667 3.100000 3.133333 3.166667
3.200000 3.233333 3.266667 3.300000 3.333333 3.366667 3.400000 3.433333 3.466667 3.500000 3.533333 3.566667 3.600000 3.633333 3.666667 3.700000
3.733333 3.766667 3.800000 3.833333 3.866667 3.900000 3.933333 3.966667 4.000000 4.033333 4.066667 4.100000 4.133333 4.166667 4.200000 4.233333
4.266667 4.300000 4.333333 4.366667 4.400000 4.433333 4.466667 4.500000 4.533333 4.566667 4.600000 4.633333 4.666667 4.700000 4.733333 4.766667
4.800000 4.833333 4.866667 4.900000 4.933333 4.966667 5.000000 5.033333 5.066667 5.100000 5.133333 5.166667 5.200000 5.233333 5.266667 5.300000
5.333333 5.366667 5.400000 5.433333 5.466667 5.500000 5.533333 5.566667 5.600000 5.633333 5.666667 5.700000 5.733333 5.766667 5.800000 5.833333
5.866667 5.900000 5.933333 5.966667 6.000000</float_array>
        <technique_common>
          <accessor source="#mixamorig2_Spine-Matrix-animation-input-array" count="181">
            <param name="TIME" type="float"/>
          </accessor>
        </technique_common>
      </source>
      <source id="mixamorig2_Spine-Matrix-animation-output-transform">
        <float_array id="mixamorig2_Spine-Matrix-animation-output-transform-array" count="2896">

0.999536 -0.028052 0.011829 0.000000 0.027923 0.999550 0.010972 8.951200 -0.012132 -0.010637 0.999870 -0.286600 0.000000 0.000000 0.000000 1.000000
0.999537 -0.028075 0.011706 0.000000 0.027945 0.999548 0.011056 8.951200 -0.012011 -0.010724 0.999870 -0.286600 0.000000 0.000000 0.000000 1.000000
0.999538 -0.028097 0.011581 -0.000000 0.027968 0.999547 0.011144 8.951200 -0.011889 -0.010815 0.999871 -0.286600 0.000000 0.000000 0.000000 1.000000
0.999539 -0.028120 0.011456 -0.000000 0.027991 0.999545 0.011236 8.951200 -0.011767 -0.010911 0.999871 -0.286600 0.000000 0.000000 0.000000 1.000000
0.999540 -0.028142 0.011330 -0.000000 0.028014 0.999543 0.011332 8.951200 -0.011643 -0.011010 0.999872 -0.286600 0.000000 0.000000 0.000000 1.000000
0.999541 -0.028165 0.011203 -0.000000 0.028037 0.999542 0.011431 8.951200 -0.011519 -0.011112 0.999872 -0.286600 0.000000 0.000000 0.000000 1.000000
0.999541 -0.028188 0.011075 0.000000 0.028060 0.999540 0.011533 8.951200 -0.011395 -0.011217 0.999872 -0.286600 0.000000 0.000000 0.000000 1.000000
0.999542 -0.028211 0.010946 -0.000000 0.028083 0.999538 0.011637 8.951200 -0.011270 -0.011325 0.999872 -0.286600 0.000000 0.000000 0.000000 1.000000
0.999543 -0.028233 0.010817 -0.000000 0.028106 0.999536 0.011744 8.951200 -0.011144 -0.011434 0.999873 -0.286600 0.000000 0.000000 0.000000 1.000000
0.999544 -0.028256 0.010688 0.000000 0.028129 0.999534 0.011852 8.951200 -0.011018 -0.011546 0.999873 -0.286600 0.000000 0.000000 0.000000 1.000000
0.999544 -0.028279 0.010558 0.000000 0.028152 0.999532 0.011961 8.951200 -0.010891 -0.011658 0.999873 -0.286600 0.000000 0.000000 0.000000 1.000000
0.999545 -0.028302 0.010428 -0.000000 0.028175 0.999530 0.012071 8.951200 -0.010764 -0.011772 0.999873 -0.286600 0.000000 0.000000 0.000000 1.000000
0.999546 -0.028325 0.010297 -0.000000 0.028199 0.999528 0.012182 8.951200 -0.010637 -0.011886 0.999873 -0.286600 0.000000 0.000000 0.000000 1.000000
0.999546 -0.028347 0.010166 -0.000000 0.028222 0.999526 0.012293 8.951200 -0.010510 -0.012000 0.999873 -0.286600 0.000000 0.000000 0.000000 1.000000
0.999547 -0.028370 0.010035 0.000000 0.028245 0.999524 0.012403 8.951200 -0.010382 -0.012114 0.999873 -0.286600 0.000000 0.000000 0.000000 1.000000
0.999548 -0.028393 0.009904 0.000000 0.028268 0.999522 0.012513 8.951200 -0.010254 -0.012228 0.999873 -0.286600 0.000000 0.000000 0.000000 1.000000
0.999548 -0.028415 0.009773 -0.000000 0.028291 0.999520 0.012622 8.951200 -0.010127 -0.012340 0.999873 -0.286600 0.000000 0.000000 0.000000 1.000000
0.999549 -0.028438 0.009642 0.000000 0.028314 0.999518 0.012729 8.951200 -0.009999 -0.012451 0.999872 -0.286600 0.000000 0.000000 0.000000 1.000000
0.999550 -0.028461 0.009511 0.000000 0.028338 0.999516 0.012835 8.951200 -0.009871 -0.012560 0.999872 -0.286600 0.000000 0.000000 0.000000 1.000000
0.999550 -0.028483 0.009380 -0.000000 0.028361 0.999514 0.012938 8.951200 -0.009744 -0.012667 0.999872 -0.286600 0.000000 0.000000 0.000000 1.000000
0.999551 -0.028506 0.009250 -0.000000 0.028384 0.999512 0.013039 8.951200 -0.009617 -0.012771 0.999872 -0.286600 0.000000 0.000000 0.000000 1.000000
0.999551 -0.028528 0.009119 -0.000000 0.028407 0.999510 0.013137 8.951200 -0.009490 -0.012872 0.999872 -0.286600 0.000000 0.000000 0.000000 1.000000
0.999552 -0.028551 0.008990 0.000000 0.028430 0.999508 0.013231 8.951200 -0.009363 -0.012970 0.999872 -0.286600 0.000000 0.000000 0.000000 1.000000
0.999552 -0.028573 0.008860 -0.000000 0.028454 0.999506 0.013322 8.951200 -0.009237 -0.013064 0.999872 -0.286600 0.000000 0.000000 0.000000 1.000000
0.999553 -0.028595 0.008732 -0.000000 0.028477 0.999505 0.013409 8.951200 -0.009111 -0.013154 0.999872 -0.286600 0.000000 0.000000 0.000000 1.000000
0.999553 -0.028617 0.008604 -0.000000 0.028500 0.999503 0.013491 8.951200 -0.008986 -0.013240 0.999872 -0.286600 0.000000 0.000000 0.000000 1.000000
0.999554 -0.028639 0.008476 -0.000000 0.028523 0.999501 0.013568 8.951200 -0.008861 -0.013320 0.999872 -0.286600 0.000000 0.000000 0.000000 1.000000
0.999554 -0.028661 0.008350 0.000000 0.028546 0.999499 0.013640 8.951200 -0.008737 -0.013395 0.999872 -0.286600 0.000000 0.000000 0.000000 1.000000
0.999555 -0.028683 0.008224 -0.000000 0.028569 0.999498 0.013706 8.951200 -0.008613 -0.013465 0.999872 -0.286600 0.000000 0.000000 0.000000 1.000000
0.999555 -0.028705 0.008099 0.000000 0.028592 0.999496 0.013766 8.951200 -0.008490 -0.013528 0.999872 -0.286600 0.000000 0.000000 0.000000 1.000000
0.999555 -0.028727 0.007975 0.000000 0.028615 0.999495 0.013820 8.951200 -0.008368 -0.013585 0.999873 -0.286600 0.000000 0.000000 0.000000 1.000000
0.999556 -0.028749 0.007853 -0.000000 0.028638 0.999494 0.013866 8.951200 -0.008247 -0.013635 0.999873 -0.286600 0.000000 0.000000 0.000000 1.000000
0.999556 -0.028770 0.007731 0.000000 0.028661 0.999492 0.013906 8.951200 -0.008127 -0.013678 0.999873 -0.286600 0.000000 0.000000 0.000000 1.000000
0.999556 -0.028792 0.007610 0.000000 0.028684 0.999491 0.013938 8.951200 -0.008008 -0.013714 0.999874 -0.286600 0.000000 0.000000 0.000000 1.000000
0.999557 -0.028813 0.007491 0.000000 0.028706 0.999490 0.013962 8.951200 -0.007890 -0.013741 0.999874 -0.286600 0.000000 0.000000 0.000000 1.000000
0.999557 -0.028834 0.007373 0.000000 0.028729 0.999490 0.013978 8.951200 -0.007773 -0.013759 0.999875 -0.286600 0.000000 0.000000 0.000000 1.000000
0.999557 -0.028855 0.007257 0.000000 0.028752 0.999489 0.013984 8.951200 -0.007657 -0.013769 0.999876 -0.286600 0.000000 0.000000 0.000000 1.000000
0.999557 -0.028876 0.007142 0.000000 0.028774 0.999488 0.013982 8.951200 -0.007542 -0.013770 0.999877 -0.286600 0.000000 0.000000 0.000000 1.000000
0.999558 -0.028897 0.007029 -0.000000 0.028797 0.999488 0.013971 8.951200 -0.007429 -0.013763 0.999878 -0.286600 0.000000 0.000000 0.000000 1.000000
