<?xml version="1.0" encoding="utf-8"?>
<COLLADA xmlns="http://www.collada.org/2005/11/COLLADASchema" version="1.4.1">
  <asset>
    <contributor>
      <author>Mixamo</author>
      <authoring_tool>COLLADA Mixamo exporter</authoring_tool>
      <comments/>
    </contributor>
    <created>2023-03-17T22:33:11Z</created>
    <modified>2023-03-17T22:33:11Z</modified>
    <revision/>
    <title/>
    <unit meter="0.010000"/>
    <up_axis>Y_UP</up_axis>
  </asset>
  <library_animations>
    <animation id="mixamorig2_Hips-anim" name="mixamorig2_Hips">
      <source id="mixamorig2_Hips-Matrix-animation-input">
        <float_array id="mixamorig2_Hips-Matrix-animation-input-array" count="156">

0.000000 0.033333 0.066667 0.100000 0.133333 0.166667 0.200000 0.233333 0.266667 0.300000 0.333333 0.366667 0.400000 0.433333 0.466667 0.500000
0.533333 0.566667 0.600000 0.633333 0.666667 0.700000 0.733333 0.766667 0.800000 0.833333 0.866667 0.900000 0.933333 0.966667 1.000000 1.033333
1.066667 1.100000 1.133333 1.166667 1.200000 1.233333 1.266667 1.300000 1.333333 1.366667 1.400000 1.433333 1.466667 1.500000 1.533333 1.566667
1.600000 1.633333 1.666667 1.700000 1.733333 1.766667 1.800000 1.833333 1.866667 1.900000 1.933333 1.966667 2.000000 2.033333 2.066667 2.100000
2.133333 2.166667 2.200000 2.233333 2.266667 2.300000 2.333333 2.366667 2.400000 2.433333 2.466667 2.500000 2.533333 2.566667 2.600000 2.633333
2.666667 2.700000 2.733333 2.766667 2.800000 2.833333 2.866667 2.900000 2.933333 2.966667 3.000000 3.033333 3.066667 3.100000 3.133333 3.166667
3.200000 3.233333 3.266667 3.300000 3.333333 3.366667 3.400000 3.433333 3.466667 3.500000 3.533333 3.566667 3.600000 3.633333 3.666667 3.700000
3.733333 3.766667 3.800000 3.833333 3.866667 3.900000 3.933333 3.966667 4.000000 4.033333 4.066667 4.100000 4.133333 4.166667 4.200000 4.233333
4.266667 4.300000 4.333333 4.366667 4.400000 4.433333 4.466667 4.500000 4.533333 4.566667 4.600000 4.633333 4.666667 4.700000 4.733333 4.766667
4.800000 4.833333 4.866667 4.900000 4.933333 4.966667 5.000000 5.033333 5.066667 5.100000 5.133333 5.166667</float_array>
        <technique_common>
          <accessor source="#mixamorig2_Hips-Matrix-animation-input-array" count="156">
            <param name="TIME" type="float"/>
          </accessor>
        </technique_common>
      </source>
      <source id="mixamorig2_Hips-Matrix-animation-output-transform">
        <float_array id="mixamorig2_Hips-Matrix-animation-output-transform-array" count="2496">

0.994157 -0.053832 0.093562 1.275867 0.042506 0.991974 0.119086 97.184677 -0.099221 -0.114413 0.988466 2.235557 0.000000 0.000000 0.000000 1.000000
0.994191 -0.053576 0.093348 1.284238 0.042170 0.991861 0.120137 97.186867 -0.099025 -0.115502 0.988359 2.205773 0.000000 0.000000 0.000000 1.000000
0.994226 -0.053328 0.093113 1.287102 0.041883 0.991792 0.120811 97.190376 -0.098791 -0.116214 0.988299 2.178374 0.000000 0.000000 0.000000 1.000000
0.994267 -0.053062 0.092832 1.285559 0.041639 0.991787 0.120934 97.194458 -0.098486 -0.116375 0.988310 2.154615 0.000000 0.000000 0.000000 1.000000
0.994311 -0.052746 0.092540 1.280809 0.041396 0.991845 0.120542 97.196823 -0.098143 -0.116026 0.988386 2.134921 0.000000 0.000000 0.000000 1.000000
0.994349 -0.052403 0.092328 1.273957 0.041149 0.991941 0.119833 97.195213 -0.097864 -0.115356 0.988492 2.119009 0.000000 0.000000 0.000000 1.000000
0.994368 -0.052148 0.092266 1.266962 0.040985 0.992049 0.118995 97.190308 -0.097737 -0.114543 0.988599 2.106275 0.000000 0.000000 0.000000 1.000000
0.994366 -0.052037 0.092350 1.262414 0.040937 0.992137 0.118270 97.186386 -0.097778 -0.113823 0.988678 2.095196 0.000000 0.000000 0.000000 1.000000
0.994353 -0.051988 0.092518 1.261778 0.040903 0.992180 0.117922 97.187744 -0.097926 -0.113471 0.988704 2.084867 0.000000 0.000000 0.000000 1.000000
0.994344 -0.051936 0.092645 1.265176 0.040825 0.992170 0.118035 97.194008 -0.098050 -0.113585 0.988678 2.077780 0.000000 0.000000 0.000000 1.000000
0.994348 -0.052008 0.092563 1.272231 0.040860 0.992113 0.118504 97.200737 -0.097996 -0.114052 0.988630 2.077880 0.000000 0.000000 0.000000 1.000000
0.994365 -0.052354 0.092186 1.281336 0.041181 0.992017 0.119187 97.203285 -0.097690 -0.114719 0.988583 2.084485 0.000000 0.000000 0.000000 1.000000
0.994391 -0.052876 0.091603 1.289786 0.041699 0.991910 0.119900 97.200577 -0.097201 -0.115408 0.988551 2.092322 0.000000 0.000000 0.000000 1.000000
0.994422 -0.053284 0.091028 1.295323 0.042128 0.991837 0.120354 97.194901 -0.096698 -0.115848 0.988549 2.097943 0.000000 0.000000 0.000000 1.000000
0.994448 -0.053404 0.090666 1.296977 0.042289 0.991829 0.120361 97.189743 -0.096353 -0.115859 0.988581 2.102203 0.000000 0.000000 0.000000 1.000000
0.994457 -0.053310 0.090627 1.294261 0.042226 0.991863 0.120100 97.187843 -0.096292 -0.115607 0.988617 2.107210 0.000000 0.000000 0.000000 1.000000
0.994438 -0.053198 0.090902 1.287840 0.042096 0.991886 0.119960 97.189827 -0.096546 -0.115466 0.988608 2.113221 0.000000 0.000000 0.000000 1.000000
0.994395 -0.053188 0.091373 1.280948 0.042019 0.991875 0.120079 97.194435 -0.097018 -0.115566 0.988550 2.118697 0.000000 0.000000 0.000000 1.000000
0.994346 -0.053264 0.091863 1.277762 0.042024 0.991858 0.120219 97.199440 -0.097519 -0.115679 0.988488 2.122574 0.000000 0.000000 0.000000 1.000000
0.994306 -0.053339 0.092254 1.279275 0.042062 0.991866 0.120133 97.203491 -0.097911 -0.115569 0.988462 2.125599 0.000000 0.000000 0.000000 1.000000
0.994277 -0.053366 0.092552 1.282975 0.042086 0.991904 0.119814 97.206955 -0.098197 -0.115233 0.988473 2.129294 0.000000 0.000000 0.000000 1.000000
0.994252 -0.053343 0.092826 1.286756 0.042077 0.991960 0.119351 97.210518 -0.098446 -0.114759 0.988503 2.133980 0.000000 0.000000 0.000000 1.000000
0.994233 -0.053247 0.093091 1.291021 0.042004 0.992028 0.118814 97.213936 -0.098675 -0.114218 0.988543 2.138698 0.000000 0.000000 0.000000 1.000000
0.994220 -0.053088 0.093315 1.296802 0.041866 0.992089 0.118349 97.216850 -0.098859 -0.113758 0.988578 2.142802 0.000000 0.000000 0.000000 1.000000
0.994207 -0.053017 0.093495 1.304282 0.041792 0.992113 0.118176 97.219315 -0.099023 -0.113584 0.988581 2.146690 0.000000 0.000000 0.000000 1.000000
0.994180 -0.053214 0.093668 1.313828 0.041950 0.992084 0.118363 97.221527 -0.099226 -0.113745 0.988543 2.150874 0.000000 0.000000 0.000000 1.000000
0.994141 -0.053659 0.093831 1.326068 0.042338 0.992022 0.118742 97.223076 -0.099454 -0.114074 0.988482 2.155319 0.000000 0.000000 0.000000 1.000000
0.994108 -0.054123 0.093914 1.340178 0.042754 0.991961 0.119105 97.222542 -0.099605 -0.114388 0.988430 2.159796 0.000000 0.000000 0.000000 1.000000
0.994098 -0.054372 0.093872 1.353923 0.042981 0.991918 0.119377 97.218994 -0.099604 -0.114638 0.988401 2.164566 0.000000 0.000000 0.000000 1.000000
0.994113 -0.054300 0.093759 1.365965 0.042899 0.991895 0.119600 97.213326 -0.099493 -0.114874 0.988385 2.170495 0.000000 0.000000 0.000000 1.000000
0.994141 -0.053976 0.093652 1.376817 0.042564 0.991881 0.119836 97.207748 -0.099360 -0.115148 0.988367 2.178640 0.000000 0.000000 0.000000 1.000000
0.994170 -0.053590 0.093559 1.387792 0.042168 0.991871 0.120058 97.203476 -0.099233 -0.115413 0.988349 2.189174 0.000000 0.000000 0.000000 1.000000
0.994198 -0.053300 0.093434 1.399672 0.041887 0.991875 0.120124 97.199875 -0.099077 -0.115513 0.988352 2.200002 0.000000 0.000000 0.000000 1.000000
0.994225 -0.053119 0.093251 1.412986 0.041748 0.991905 0.119920 97.197365 -0.098866 -0.115335 0.988394 2.206285 0.000000 0.000000 0.000000 1.000000
0.994250 -0.053015 0.093042 1.427121 0.041712 0.991960 0.119479 97.195885 -0.098628 -0.114911 0.988467 2.202518 0.000000 0.000000 0.000000 1.000000
0.994268 -0.052985 0.092867 1.438582 0.041762 0.992030 0.118879 97.195572 -0.098426 -0.114319 0.988556 2.185738 0.000000 0.000000 0.000000 1.000000
0.994280 -0.052963 0.092746 1.442625 0.041832 0.992120 0.118100 97.195099 -0.098270 -0.113545 0.988661 2.156428 0.000000 0.000000 0.000000 1.000000
0.994297 -0.052807 0.092660 1.437181 0.041788 0.992243 0.117075 97.194115 -0.098123 -0.112536 0.988791 2.117135 0.000000 0.000000 0.000000 1.000000
0.994318 -0.052551 0.092574 1.423195 0.041665 0.992395 0.115832 97.193954 -0.097957 -0.111317 0.988945 2.071728 0.000000 0.000000 0.000000 1.000000
0.994339 -0.052372 0.092447 1.400567 0.041637 0.992556 0.114452 97.197021 -0.097753 -0.109955 0.989118 2.023015 0.000000 0.000000 0.000000 1.000000
0.994369 -0.052186 0.092236 1.365586 0.041619 0.992724 0.112994 97.204567 -0.097461 -0.108519 0.989305 1.970297 0.000000 0.000000 0.000000 1.000000
0.994419 -0.051690 0.091977 1.315077 0.041287 0.992894 0.111610 97.215820 -0.097093 -0.107189 0.989486 1.913070 0.000000 0.000000 0.000000 1.000000
0.994476 -0.050837 0.091828 1.251321 0.040565 0.993053 0.110457 97.229118 -0.096806 -0.106122 0.989630 1.855655 0.000000 0.000000 0.000000 1.000000
0.994511 -0.049859 0.091986 1.178154 0.039687 0.993219 0.109271 97.243118 -0.096810 -0.105021 0.989747 1.802970 0.000000 0.000000 0.000000 1.000000
0.994505 -0.048842 0.092597 1.095884 0.038778 0.993445 0.107529 97.257729 -0.097242 -0.103348 0.989880 1.754552 0.000000 0.000000 0.000000 1.000000
0.994451 -0.047689 0.093772 1.005578 0.037723 0.993723 0.105314 97.275330 -0.098206 -0.101192 0.990008 1.708758 0.000000 0.000000 0.000000 1.000000
0.994337 -0.046462 0.095581 0.914571 0.036509 0.993974 0.103361 97.297409 -0.099807 -0.099286 0.990041 1.669651 0.000000 0.000000 0.000000 1.000000
0.994147 -0.045528 0.097971 0.833489 0.035468 0.994144 0.102081 97.319992 -0.102045 -0.098009 0.989940 1.643737 0.000000 0.000000 0.000000 1.000000
0.993882 -0.045286 0.100733 0.769172 0.035044 0.994247 0.101218 97.336960 -0.104738 -0.097069 0.989751 1.632400 0.000000 0.000000 0.000000 1.000000
0.993564 -0.045780 0.103606 0.720963 0.035337 0.994311 0.100482 97.347771 -0.107617 -0.096175 0.989530 1.632172 0.000000 0.000000 0.000000 1.000000
0.993235 -0.046494 0.106409 0.684356 0.035846 0.994354 0.099872 97.356987 -0.110452 -0.095382 0.989294 1.639802 0.000000 0.000000 0.000000 1.000000
0.992943 -0.046681 0.109019 0.657040 0.035835 0.994401 0.099409 97.367249 -0.113049 -0.094801 0.989057 1.653697 0.000000 0.000000 0.000000 1.000000
0.992717 -0.046078 0.111307 0.640450 0.035053 0.994465 0.099053 97.377930 -0.115255 -0.094430 0.988837 1.671172 0.000000 0.000000 0.000000 1.000000
0.992538 -0.045256 0.113224 0.637130 0.034069 0.994518 0.098859 97.388252 -0.117078 -0.094264 0.988639 1.687396 0.000000 0.000000 0.000000 1.000000
0.992349 -0.045011 0.114968 0.647946 0.033648 0.994525 0.098932 97.397179 -0.118792 -0.094306 0.988431 1.699752 0.000000 0.000000 0.000000 1.000000
0.992112 -0.045516 0.116796 0.671094 0.033937 0.994481 0.099278 97.402702 -0.120670 -0.094532 0.988181 1.712461 0.000000 0.000000 0.000000 1.000000
0.991869 -0.046406 0.118501 0.703029 0.034590 0.994397 0.099886 97.400375 -0.122473 -0.094975 0.987917 1.733522 0.000000 0.000000 0.000000 1.000000
0.991712 -0.047424 0.119406 0.741051 0.035406 0.994273 0.100836 97.389122 -0.123505 -0.095772 0.987712 1.765269 0.000000 0.000000 0.000000 1.000000
0.991697 -0.048580 0.119070 0.783060 0.036432 0.994101 0.102156 97.373413 -0.123331 -0.096970 0.987617 1.800467 0.000000 0.000000 0.000000 1.000000
0.991794 -0.049836 0.117729 0.825477 0.037642 0.993905 0.103619 97.359901 -0.122175 -0.098337 0.987625 1.828875 0.000000 0.000000 0.000000 1.000000
0.991945 -0.050974 0.115960 0.863082 0.038809 0.993731 0.104843 97.353088 -0.120577 -0.099498 0.987705 1.845745 0.000000 0.000000 0.000000 1.000000
0.992110 -0.051781 0.114174 0.891491 0.039705 0.993614 0.105616 97.352394 -0.118914 -0.100250 0.987831 1.852822 0.000000 0.000000 0.000000 1.000000
0.992272 -0.052278 0.112528 0.909350 0.040319 0.993544 0.106045 97.353409 -0.117346 -0.100689 0.987974 1.854189 0.000000 0.000000 0.000000 1.000000
0.992419 -0.052660 0.111049 0.917659 0.040811 0.993486 0.106397 97.352074 -0.115929 -0.101058 0.988103 1.854095 0.000000 0.000000 0.000000 1.000000
0.992563 -0.052958 0.109611 0.917143 0.041206 0.993422 0.106836 97.347809 -0.114547 -0.101525 0.988216 1.856461 0.000000 0.000000 0.000000 1.000000
0.992742 -0.052986 0.107958 0.908100 0.041347 0.993363 0.107330 97.342987 -0.112929 -0.102087 0.988345 1.861707 0.000000 0.000000 0.000000 1.000000
0.992966 -0.052781 0.105981 0.893126 0.041306 0.993325 0.107696 97.340240 -0.110958 -0.102561 0.988519 1.865018 0.000000 0.000000 0.000000 1.000000
0.993195 -0.052742 0.103841 0.876371 0.041493 0.993322 0.107657 97.339058 -0.108825 -0.102615 0.988750 1.861941 0.000000 0.000000 0.000000 1.000000
0.993395 -0.053008 0.101769 0.859223 0.042047 0.993372 0.106981 97.337318 -0.106765 -0.101995 0.989039 1.855017 0.000000 0.000000 0.000000 1.000000
0.993583 -0.053035 0.099904 0.840381 0.042399 0.993490 0.105735 97.333817 -0.104861 -0.100821 0.989363 1.850750 0.000000 0.000000 0.000000 1.000000
0.993778 -0.052239 0.098373 0.820317 0.041900 0.993655 0.104376 97.329086 -0.103201 -0.099605 0.989661 1.851420 0.000000 0.000000 0.000000 1.000000
0.993954 -0.050734 0.097375 0.803559 0.040595 0.993809 0.103422 97.325668 -0.102019 -0.098844 0.989860 1.854563 0.000000 0.000000 0.000000 1.000000
0.994058 -0.049095 0.097147 0.795614 0.039034 0.993927 0.102884 97.325829 -0.101608 -0.098480 0.989938 1.858912 0.000000 0.000000 0.000000 1.000000
0.994059 -0.047538 0.097916 0.799067 0.037482 0.994069 0.102087 97.329964 -0.102188 -0.097810 0.989945 1.865640 0.000000 0.000000 0.000000 1.000000
0.993953 -0.045725 0.099831 0.810740 0.035673 0.994322 0.100257 97.336868 -0.103848 -0.096089 0.989941 1.875222 0.000000 0.000000 0.000000 1.000000
0.993762 -0.043304 0.102770 0.822219 0.033288 0.994704 0.097243 97.344757 -0.106437 -0.093215 0.989940 1.888477 0.000000 0.000000 0.000000 1.000000
0.993523 -0.040333 0.106236 0.826887 0.030387 0.995144 0.093625 97.352043 -0.109496 -0.089791 0.989923 1.910112 0.000000 0.000000 0.000000 1.000000
0.993295 -0.037254 0.109444 0.827604 0.027389 0.995538 0.090298 97.356300 -0.112319 -0.086695 0.989883 1.945927 0.000000 0.000000 0.000000 1.000000
0.993149 -0.034639 0.111604 0.834453 0.024844 0.995811 0.087993 97.355431 -0.114184 -0.084618 0.989849 1.994188 0.000000 0.000000 0.000000 1.000000
0.993134 -0.032945 0.112249 0.853232 0.023214 0.995944 0.086924 97.347847 -0.114658 -0.083722 0.989871 2.044006 0.000000 0.000000 0.000000 1.000000
0.993249 -0.032374 0.111395 0.881312 0.022728 0.995967 0.086798 97.332985 -0.113756 -0.083680 0.989978 2.085206 0.000000 0.000000 0.000000 1.000000
0.993453 -0.032850 0.109419 0.914984 0.023323 0.995915 0.087236 97.312050 -0.111838 -0.084113 0.990160 2.116777 0.000000 0.000000 0.000000 1.000000
0.993686 -0.034107 0.106889 0.954429 0.024698 0.995801 0.088152 97.288719 -0.109446 -0.084956 0.990356 2.144954 0.000000 0.000000 0.000000 1.000000
0.993888 -0.035807 0.104428 0.999467 0.026447 0.995620 0.089677 97.267258 -0.107181 -0.086367 0.990481 2.174915 0.000000 0.000000 0.000000 1.000000
0.994029 -0.037563 0.102444 1.046824 0.028154 0.995381 0.091787 97.249657 -0.105419 -0.088355 0.990495 2.204607 0.000000 0.000000 0.000000 1.000000
0.994136 -0.039024 0.100851 1.093006 0.029515 0.995124 0.094115 97.234962 -0.104032 -0.090586 0.990440 2.227880 0.000000 0.000000 0.000000 1.000000
0.994261 -0.040078 0.099194 1.135737 0.030506 0.994894 0.096203 97.222168 -0.102543 -0.092625 0.990407 2.242534 0.000000 0.000000 0.000000 1.000000
0.994427 -0.040913 0.097161 1.172354 0.031368 0.994711 0.097808 97.212280 -0.100649 -0.094215 0.990451 2.252255 0.000000 0.000000 0.000000 1.000000
0.994607 -0.041775 0.094935 1.200492 0.032333 0.994572 0.098902 97.205589 -0.098551 -0.095299 0.990558 2.260859 0.000000 0.000000 0.000000 1.000000
0.994751 -0.042766 0.092962 1.220719 0.033446 0.994466 0.099590 97.199837 -0.096707 -0.095958 0.990676 2.268159 0.000000 0.000000 0.000000 1.000000
0.994842 -0.043869 0.091464 1.236408 0.034640 0.994369 0.100152 97.192253 -0.095343 -0.096467 0.990759 2.272580 0.000000 0.000000 0.000000 1.000000
0.994897 -0.044986 0.090315 1.249166 0.035794 0.994249 0.100936 97.184052 -0.094337 -0.097188 0.990785 2.274933 0.000000 0.000000 0.000000 1.000000
0.994943 -0.045880 0.089354 1.256208 0.036682 0.994108 0.101994 97.178360 -0.093507 -0.098201 0.990764 2.277627 0.000000 0.000000 0.000000 1.000000
0.994991 -0.046245 0.088629 1.253834 0.037032 0.994000 0.102916 97.177521 -0.092857 -0.099118 0.990734 2.281009 0.000000 0.000000 0.000000 1.000000
0.995028 -0.046009 0.088326 1.243093 0.036801 0.993981 0.103184 97.180145 -0.092542 -0.099420 0.990733 2.282725 0.000000 0.000000 0.000000 1.000000
0.995028 -0.045499 0.088592 1.230438 0.036307 0.994046 0.102735 97.183548 -0.092739 -0.099007 0.990756 2.281093 0.000000 0.000000 0.000000 1.000000
0.994970 -0.045134 0.089432 1.222649 0.035918 0.994125 0.102104 97.187645 -0.093515 -0.098378 0.990746 2.278040 0.000000 0.000000 0.000000 1.000000
0.994867 -0.045006 0.090631 1.220685 0.035694 0.994157 0.101869 97.194046 -0.094686 -0.098111 0.990661 2.277420 0.000000 0.000000 0.000000 1.000000
0.994765 -0.044931 0.091784 1.220323 0.035491 0.994150 0.102013 97.202232 -0.095831 -0.098221 0.990540 2.281071 0.000000 0.000000 0.000000 1.000000
0.994691 -0.044885 0.092601 1.218296 0.035357 0.994147 0.102088 97.208946 -0.096641 -0.098272 0.990456 2.288288 0.000000 0.000000 0.000000 1.000000
0.994627 -0.045103 0.093185 1.215459 0.035538 0.994163 0.101869 97.211655 -0.097236 -0.098010 0.990424 2.298034 0.000000 0.000000 0.000000 1.000000
0.994538 -0.045686 0.093850 1.213498 0.036092 0.994180 0.101502 97.211029 -0.097941 -0.097560 0.990399 2.309345 0.000000 0.000000 0.000000 1.000000
0.994432 -0.046295 0.094668 1.211367 0.036657 0.994198 0.101122 97.210152 -0.098800 -0.097089 0.990360 2.320803 0.000000 0.000000 0.000000 1.000000
0.994353 -0.046465 0.095414 1.206152 0.036793 0.994233 0.100735 97.212418 -0.099544 -0.096655 0.990328 2.332414 0.000000 0.000000 0.000000 1.000000
0.994316 -0.046184 0.095931 1.197029 0.036496 0.994278 0.100392 97.218513 -0.100019 -0.096320 0.990312 2.346787 0.000000 0.000000 0.000000 1.000000
0.994293 -0.045937 0.096292 1.186666 0.036235 0.994309 0.100184 97.225464 -0.100346 -0.096123 0.990298 2.366117 0.000000 0.000000 0.000000 1.000000
0.994256 -0.046129 0.096575 1.178515 0.036406 0.994309 0.100124 97.229523 -0.100644 -0.096033 0.990277 2.389462 0.000000 0.000000 0.000000 1.000000
0.994216 -0.046709 0.096714 1.173935 0.036959 0.994274 0.100262 97.230186 -0.100843 -0.096107 0.990249 2.414998 0.000000 0.000000 0.000000 1.000000
0.994191 -0.047385 0.096638 1.172318 0.037595 0.994204 0.100719 97.230186 -0.100851 -0.096500 0.990210 2.442646 0.000000 0.000000 0.000000 1.000000
0.994181 -0.047973 0.096449 1.172286 0.038127 0.994109 0.101453 97.232109 -0.100748 -0.097185 0.990154 2.471927 0.000000 0.000000 0.000000 1.000000
0.994162 -0.048547 0.096360 1.173218 0.038630 0.994009 0.102245 97.236023 -0.100747 -0.097925 0.990081 2.499419 0.000000 0.000000 0.000000 1.000000
0.994113 -0.049366 0.096451 1.175651 0.039359 0.993899 0.103032 97.239937 -0.100949 -0.098629 0.989991 2.521580 0.000000 0.000000 0.000000 1.000000
0.994043 -0.050538 0.096561 1.179981 0.040425 0.993759 0.103966 97.242004 -0.101213 -0.099443 0.989882 2.538467 0.000000 0.000000 0.000000 1.000000
0.993988 -0.051757 0.096480 1.184778 0.041546 0.993604 0.104996 97.242294 -0.101298 -0.100357 0.989781 2.552551 0.000000 0.000000 0.000000 1.000000
0.993977 -0.052511 0.096188 1.187928 0.042258 0.993501 0.105686 97.241753 -0.101113 -0.100985 0.989737 2.565486 0.000000 0.000000 0.000000 1.000000
0.994010 -0.052496 0.095855 1.187771 0.042287 0.993510 0.105594 97.240913 -0.100776 -0.100908 0.989779 2.577691 0.000000 0.000000 0.000000 1.000000
0.994066 -0.051783 0.095659 1.183613 0.041680 0.993625 0.104750 97.240074 -0.100473 -0.100142 0.989887 2.589372 0.000000 0.000000 0.000000 1.000000
0.994121 -0.050764 0.095636 1.176901 0.040772 0.993774 0.103687 97.240349 -0.100304 -0.099178 0.990001 2.600632 0.000000 0.000000 0.000000 1.000000
0.994157 -0.049937 0.095696 1.172210 0.040008 0.993877 0.102999 97.242638 -0.100253 -0.098568 0.990067 2.611216 0.000000 0.000000 0.000000 1.000000
0.994173 -0.049542 0.095739 1.173353 0.039626 0.993909 0.102836 97.246826 -0.100250 -0.098443 0.990080 2.620726 0.000000 0.000000 0.000000 1.000000
0.994177 -0.049426 0.095753 1.179677 0.039503 0.993909 0.102883 97.250954 -0.100255 -0.098502 0.990074 2.628499 0.000000 0.000000 0.000000 1.000000
0.994179 -0.049310 0.095792 1.187636 0.039391 0.993921 0.102812 97.253975 -0.100279 -0.098441 0.990078 2.633848 0.000000 0.000000 0.000000 1.000000
0.994180 -0.049125 0.095879 1.195429 0.039219 0.993950 0.102596 97.255798 -0.100339 -0.098238 0.990092 2.637065 0.000000 0.000000 0.000000 1.000000
0.994175 -0.048995 0.095996 1.203324 0.039104 0.993980 0.102342 97.256882 -0.100432 -0.097992 0.990106 2.639296 0.000000 0.000000 0.000000 1.000000
0.994164 -0.048982 0.096120 1.210649 0.039106 0.994009 0.102066 97.257553 -0.100543 -0.097712 0.990123 2.641350 0.000000 0.000000 0.000000 1.000000
0.994151 -0.048960 0.096263 1.216288 0.039105 0.994043 0.101727 97.258026 -0.100671 -0.097368 0.990144 2.643390 0.000000 0.000000 0.000000 1.000000
0.994142 -0.048793 0.096440 1.220896 0.038956 0.994086 0.101370 97.258781 -0.100816 -0.097019 0.990163 2.645365 0.000000 0.000000 0.000000 1.000000
0.994137 -0.048556 0.096614 1.225890 0.038726 0.994118 0.101142 97.260345 -0.100957 -0.096807 0.990170 2.647208 0.000000 0.000000 0.000000 1.000000
0.994131 -0.048482 0.096711 1.231279 0.038637 0.994116 0.101196 97.262718 -0.101048 -0.096866 0.990155 2.648831 0.000000 0.000000 0.000000 1.000000
0.994124 -0.048680 0.096684 1.236066 0.038802 0.994074 0.101548 97.265305 -0.101054 -0.097200 0.990121 2.650397 0.000000 0.000000 0.000000 1.000000
0.994118 -0.049006 0.096577 1.240608 0.039092 0.994017 0.101993 97.267365 -0.100997 -0.097617 0.990086 2.651803 0.000000 0.000000 0.000000 1.000000
0.994113 -0.049262 0.096497 1.245636 0.039327 0.993978 0.102278 97.268555 -0.100954 -0.097881 0.990064 2.652271 0.000000 0.000000 0.000000 1.000000
0.994101 -0.049451 0.096531 1.249861 0.039500 0.993958 0.102408 97.268387 -0.101012 -0.097991 0.990048 2.650713 0.000000 0.000000 0.000000 1.000000
0.994072 -0.049715 0.096696 1.250126 0.039723 0.993925 0.102640 97.266426 -0.101212 -0.098190 0.990008 2.646493 0.000000 0.000000 0.000000 1.000000
0.994030 -0.050069 0.096941 1.244812 0.040002 0.993863 0.103135 97.263084 -0.101510 -0.098642 0.989932 2.639588 0.000000 0.000000 0.000000 1.000000
0.993992 -0.050376 0.097171 1.235579 0.040217 0.993784 0.103810 97.260147 -0.101796 -0.099278 0.989839 2.630533 0.000000 0.000000 0.000000 1.000000
0.993970 -0.050562 0.097294 1.225539 0.040311 0.993698 0.104589 97.258728 -0.101969 -0.100036 0.989745 2.620348 0.000000 0.000000 0.000000 1.000000
0.993963 -0.050756 0.097266 1.216398 0.040411 0.993596 0.105521 97.257172 -0.101999 -0.100954 0.989649 2.609746 0.000000 0.000000 0.000000 1.000000
0.993960 -0.051161 0.097092 1.207647 0.040728 0.993473 0.106551 97.252815 -0.101910 -0.101953 0.989555 2.598307 0.000000 0.000000 0.000000 1.000000
0.993955 -0.051784 0.096804 1.197581 0.041289 0.993354 0.107440 97.245369 -0.101724 -0.102793 0.989488 2.584991 0.000000 0.000000 0.000000 1.000000
0.993962 -0.052330 0.096446 1.184248 0.041817 0.993273 0.107981 97.238136 -0.101447 -0.103296 0.989464 2.569458 0.000000 0.000000 0.000000 1.000000
0.993990 -0.052440 0.096090 1.167176 0.041945 0.993248 0.108159 97.233597 -0.101114 -0.103478 0.989479 2.552531 0.000000 0.000000 0.000000 1.000000
0.994037 -0.052095 0.095795 1.149076 0.041633 0.993263 0.108144 97.230446 -0.100783 -0.103511 0.989509 2.535569 0.000000 0.000000 0.000000 1.000000
0.994078 -0.051737 0.095564 1.135972 0.041295 0.993272 0.108190 97.225998 -0.100518 -0.103603 0.989526 2.519178 0.000000 0.000000 0.000000 1.000000
0.994088 -0.051892 0.095369 1.132779 0.041442 0.993236 0.108466 97.219215 -0.100353 -0.103872 0.989515 2.502627 0.000000 0.000000 0.000000 1.000000
0.994067 -0.052628 0.095189 1.138669 0.042141 0.993148 0.109005 97.211166 -0.100273 -0.104347 0.989473 2.484939 0.000000 0.000000 0.000000 1.000000
0.994033 -0.053536 0.095037 1.148138 0.042991 0.993031 0.109736 97.203491 -0.100250 -0.104996 0.989407 2.466962 0.000000 0.000000 0.000000 1.000000
0.994001 -0.054245 0.094975 1.157145 0.043627 0.992917 0.110514 97.196167 -0.100297 -0.105708 0.989326 2.451037 0.000000 0.000000 0.000000 1.000000
0.993971 -0.054712 0.095021 1.165308 0.044018 0.992823 0.111202 97.189056 -0.100423 -0.106349 0.989245 2.436487 0.000000 0.000000 0.000000 1.000000
0.993955 -0.055007 0.095017 1.174341 0.044248 0.992740 0.111844 97.183136 -0.100480 -0.106964 0.989173 2.417185 0.000000 0.000000 0.000000 1.000000
0.993971 -0.055094 0.094799 1.186972 0.044276 0.992647 0.112656 97.180313 -0.100309 -0.107779 0.989101 2.388981 0.000000 0.000000 0.000000 1.000000
0.994012 -0.054932 0.094460 1.204924 0.044038 0.992529 0.113781 97.180939 -0.100004 -0.108940 0.989005 2.356650 0.000000 0.000000 0.000000 1.000000
0.994055 -0.054631 0.094178 1.225960 0.043632 0.992391 0.115135 97.182678 -0.099752 -0.110342 0.988875 2.325974 0.000000 0.000000 0.000000 1.000000
0.994091 -0.054325 0.093978 1.245829 0.043208 0.992246 0.116535 97.183922 -0.099580 -0.111786 0.988730 2.296671 0.000000 0.000000 0.000000 1.000000
0.994123 -0.054067 0.093786 1.262172 0.042839 0.992106 0.117861 97.184280 -0.099418 -0.113151 0.988591 2.266635 0.000000 0.000000 0.000000 1.000000
0.994157 -0.053831 0.093562 1.275875 0.042505 0.991974 0.119086 97.184692 -0.099221 -0.114413 0.988466 2.235554 0.000000 0.000000 0.000000 1.000000</float_array>
        <technique_common>
          <accessor source="#mixamorig2_Hips-Matrix-animation-output-transform-array" count="156" stride="16">
            <param type="float4x4"/>
          </accessor>
        </technique_common>
      </source>
      <source id="mixamorig2_Hips-Interpolations">
        <Name_array id="mixamorig2_Hips-Interpolations-array" count="156">
 LINEAR LINEAR LINEAR LINEAR LINEAR LINEAR LINEAR LINEAR LINEAR LINEAR LINEAR
LINEAR LINEAR LINEAR LINEAR LINEAR LINEAR LINEAR LINEAR LINEAR LINEAR LINEAR LINEAR
LINEAR LINEAR LINEAR LINEAR LINEAR LINEAR LINEAR LINEAR LINEAR LINEAR LINEAR LINEAR
LINEAR LINEAR LINEAR LINEAR LINEAR LINEAR LINEAR LINEAR LINEAR LINEAR LINEAR LINEAR
LINEAR LINEAR LINEAR LINEAR LINEAR LINEAR LINEAR LINEAR LINEAR LINEAR LINEAR LINEAR
LINEAR LINEAR LINEAR LINEAR LINEAR LINEAR LINEAR LINEAR LINEAR LINEAR LINEAR LINEAR
LINEAR LINEAR LINEAR LINEAR LINEAR LINEAR LINEAR LINEAR LINEAR LINEAR LINEAR LINEAR
LINEAR LINEAR LINEAR LINEAR LINEAR LINEAR LINEAR LINEAR LINEAR LINEAR LINEAR LINEAR
LINEAR LINEAR LINEAR LINEAR LINEAR LINEAR LINEAR LINEAR LINEAR LINEAR LINEAR LINEAR
LINEAR LINEAR LINEAR LINEAR LINEAR LINEAR LINEAR LINEAR LINEAR LINEAR LINEAR LINEAR
LINEAR LINEAR LINEAR LINEAR LINEAR LINEAR LINEAR LINEAR LINEAR LINEAR LINEAR LINEAR
LINEAR LINEAR LINEAR LINEAR LINEAR LINEAR LINEAR LINEAR LINEAR LINEAR LINEAR LINEAR
LINEAR LINEAR LINEAR LINEAR LINEAR LINEAR LINEAR LINEAR LINEAR LINEAR LINEAR LINEAR
LINEAR</Name_array>
        <technique_common>
          <accessor source="#mixamorig2_Hips-Interpolations-array" count="156">
            <param type="name"/>
          </accessor>
        </technique_common>
      </source>
      <sampler id="mixamorig2_Hips-Matrix-animation-transform">
        <input semantic="INPUT" source="#mixamorig2_Hips-Matrix-animation-input"/>
        <input semantic="OUTPUT" source="#mixamorig2_Hips-Matrix-animation-output-transform"/>
        <input semantic="INTERPOLATION" source="#mixamorig2_Hips-Interpolations"/>
      </sampler>
      <channel source="#mixamorig2_Hips-Matrix-animation-transform" target="mixamorig2_Hips/matrix"/>
    </animation>
    <animation id="mixamorig2_Spine-anim" name="mixamorig2_Spine">
      <source id="mixamorig2_Spine-Matrix-animation-input">
        <float_array id="mixamorig2_Spine-Matrix-animation-input-array" count="156">

0.000000 0.033333 0.066667 0.100000 0.133333 0.166667 0.200000 0.233333 0.266667 0.300000 0.333333 0.366667 0.400000 0.433333 0.466667 0.500000
0.533333 0.566667 0.600000 0.633333 0.666667 0.700000 0.733333 0.766667 0.800000 0.833333 0.866667 0.900000 0.933333 0.966667 1.000000 1.033333
1.066667 1.100000 1.133333 1.166667 1.200000 1.233333 1.266667 1.300000 1.333333 1.366667 1.400000 1.433333 1.466667 1.500000 1.533333 1.566667
1.600000 1.633333 1.666667 1.700000 1.733333 1.766667 1.800000 1.833333 1.866667 1.900000 1.933333 1.966667 2.000000 2.033333 2.066667 2.100000
2.133333 2.166667 2.200000 2.233333 2.266667 2.300000 2.333333 2.366667 2.400000 2.433333 2.466667 2.500000 2.533333 2.566667 2.600000 2.633333
2.666667 2.700000 2.733333 2.766667 2.800000 2.833333 2.866667 2.900000 2.933333 2.966667 3.000000 3.033333 3.066667 3.100000 3.133333 3.166667
3.200000 3.233333 3.266667 3.300000 3.333333 3.366667 3.400000 3.433333 3.466667 3.500000 3.533333 3.566667 3.600000 3.633333 3.666667 3.700000
3.733333 3.766667 3.800000 3.833333 3.866667 3.900000 3.933333 3.966667 4.000000 4.033333 4.066667 4.100000 4.133333 4.166667 4.200000 4.233333
4.266667 4.300000 4.333333 4.366667 4.400000 4.433333 4.466667 4.500000 4.533333 4.566667 4.600000 4.633333 4.666667 4.700000 4.733333 4.766667
4.800000 4.833333 4.866667 4.900000 4.933333 4.966667 5.000000 5.033333 5.066667 5.100000 5.133333 5.166667</float_array>
        <technique_common>
          <accessor source="#mixamorig2_Spine-Matrix-animation-input-array" count="156">
            <param name="TIME" type="float"/>
          </accessor>
        </technique_common>
      </source>
      <source id="mixamorig2_Spine-Matrix-animation-output-transform">
        <float_array id="mixamorig2_Spine-Matrix-animation-output-transform-array" count="2496">

0.982888 0.121193 0.138720 -0.000000 -0.128147 0.990852 0.042320 8.951200 -0.132322 -0.059372 0.989427 -0.286600 0.000000 0.000000 0.000000 1.000000
0.983020 0.120087 0.138746 0.000000 -0.126777 0.991108 0.040398 8.951200 -0.132661 -0.057302 0.989504 -0.286600 0.000000 0.000000 0.000000 1.000000
0.983111 0.119360 0.138729 0.000000 -0.125798 0.991306 0.038573 8.951200 -0.132919 -0.055373 0.989579 -0.286600 0.000000 0.000000 0.000000 1.000000
0.983165 0.118964 0.138690 -0.000000 -0.125157 0.991455 0.036789 8.951200 -0.133129 -0.053528 0.989652 -0.286600 0.000000 0.000000 0.000000 1.000000
0.983198 0.118833 0.138565 0.000000 -0.124824 0.991549 0.035350 8.951200 -0.133193 -0.052052 0.989722 -0.286600 0.000000 0.000000 0.000000 1.000000
0.983222 0.118975 0.138274 0.000000 -0.124869 0.991565 0.034734 8.951200 -0.132975 -0.051418 0.989785 -0.286600 0.000000 0.000000 0.000000 1.000000
0.983236 0.119395 0.137809 0.000000 -0.125257 0.991519 0.034654 8.951200 -0.132503 -0.051335 0.989852 -0.286600 0.000000 0.000000 0.000000 1.000000
0.983278 0.119784 0.137171 0.000000 -0.125623 0.991471 0.034700 8.951200 -0.131845 -0.051351 0.989939 -0.286600 0.000000 0.000000 0.000000 1.000000
0.983389 0.119787 0.136373 0.000000 -0.125581 0.991477 0.034679 8.951200 -0.131056 -0.051229 0.990050 -0.286600 0.000000 0.000000 0.000000 1.000000
0.983556 0.119371 0.135526 0.000000 -0.125119 0.991535 0.034685 8.951200 -0.130239 -0.051072 0.990166 -0.286600 0.000000 0.000000 0.000000 1.000000
0.983713 0.118828 0.134866 0.000000 -0.124541 0.991607 0.034721 8.951200 -0.129608 -0.050952 0.990255 -0.286600 0.000000 0.000000 0.000000 1.000000
0.983796 0.118416 0.134619 0.000000 -0.124082 0.991673 0.034482 8.951200 -0.129414 -0.050627 0.990297 -0.286600 0.000000 0.000000 0.000000 1.000000
0.983797 0.118203 0.134803 0.000000 -0.123785 0.991734 0.033776 8.951200 -0.129696 -0.049915 0.990297 -0.286600 0.000000 0.000000 0.000000 1.000000
0.983750 0.118211 0.135138 0.000000 -0.123696 0.991775 0.032904 8.951200 -0.130137 -0.049085 0.990280 -0.286600 0.000000 0.000000 0.000000 1.000000
0.983709 0.118454 0.135220 0.000000 -0.123869 0.991772 0.032331 8.951200 -0.130278 -0.048554 0.990288 -0.286600 0.000000 0.000000 0.000000 1.000000
0.983716 0.118768 0.134899 0.000000 -0.124145 0.991743 0.032145 8.951200 -0.129967 -0.048369 0.990338 -0.286600 0.000000 0.000000 0.000000 1.000000
0.983765 0.118874 0.134446 0.000000 -0.124223 0.991735 0.032091 8.951200 -0.129520 -0.048271 0.990401 -0.286600 0.000000 0.000000 0.000000 1.000000
0.983814 0.118719 0.134222 0.000000 -0.124039 0.991762 0.031963 8.951200 -0.129322 -0.048094 0.990436 -0.286600 0.000000 0.000000 0.000000 1.000000
0.983823 0.118613 0.134248 0.000000 -0.123899 0.991788 0.031700 8.951200 -0.129385 -0.047820 0.990441 -0.286600 0.000000 0.000000 0.000000 1.000000
0.983793 0.118841 0.134268 0.000000 -0.124073 0.991780 0.031268 8.951200 -0.129449 -0.047420 0.990452 -0.286600 0.000000 0.000000 0.000000 1.000000
0.983752 0.119276 0.134187 -0.000000 -0.124440 0.991751 0.030748 8.951200 -0.129412 -0.046947 0.990479 -0.286600 0.000000 0.000000 0.000000 1.000000
0.983716 0.119562 0.134191 0.000000 -0.124690 0.991728 0.030455 8.951200 -0.129440 -0.046692 0.990487 -0.286600 0.000000 0.000000 0.000000 1.000000
0.983687 0.119516 0.134449 0.000000 -0.124689 0.991721 0.030707 8.951200 -0.129665 -0.046970 0.990445 -0.286600 0.000000 0.000000 0.000000 1.000000
0.983669 0.119155 0.134899 0.000000 -0.124454 0.991724 0.031525 8.951200 -0.130026 -0.047799 0.990358 -0.286600 0.000000 0.000000 0.000000 1.000000
0.983675 0.118527 0.135408 0.000000 -0.123993 0.991746 0.032647 8.951200 -0.130420 -0.048904 0.990252 -0.286600 0.000000 0.000000 0.000000 1.000000
0.983698 0.117734 0.135930 -0.000000 -0.123366 0.991787 0.033753 8.951200 -0.130839 -0.049972 0.990143 -0.286600 0.000000 0.000000 0.000000 1.000000
0.983715 0.117014 0.136427 0.000000 -0.122774 0.991832 0.034570 8.951200 -0.131268 -0.050757 0.990047 -0.286600 0.000000 0.000000 0.000000 1.000000
0.983722 0.116548 0.136772 -0.000000 -0.122370 0.991870 0.034928 8.951200 -0.131590 -0.051096 0.989987 -0.286600 0.000000 0.000000 0.000000 1.000000
0.983740 0.116308 0.136851 0.000000 -0.122122 0.991903 0.034854 8.951200 -0.131689 -0.050999 0.989978 -0.286600 0.000000 0.000000 0.000000 1.000000
0.983775 0.116204 0.136687 0.000000 -0.121963 0.991935 0.034506 8.951200 -0.131575 -0.050617 0.990013 -0.286600 0.000000 0.000000 0.000000 1.000000
0.983803 0.116258 0.136437 0.000000 -0.121935 0.991956 0.033985 8.951200 -0.131389 -0.050071 0.990066 -0.286600 0.000000 0.000000 0.000000 1.000000
0.983788 0.116494 0.136349 -0.000000 -0.122084 0.991959 0.033356 8.951200 -0.131367 -0.049462 0.990099 -0.286600 0.000000 0.000000 0.000000 1.000000
0.983696 0.116879 0.136678 0.000000 -0.122409 0.991939 0.032752 8.951200 -0.131748 -0.048949 0.990074 -0.286600 0.000000 0.000000 0.000000 1.000000
0.983521 0.117433 0.137464 0.000000 -0.122937 0.991891 0.032235 8.951200 -0.132564 -0.048603 0.989982 -0.286600 0.000000 0.000000 0.000000 1.000000
0.983305 0.118126 0.138411 -0.000000 -0.123613 0.991824 0.031715 8.951200 -0.133533 -0.048295 0.989867 -0.286600 0.000000 0.000000 0.000000 1.000000
0.983146 0.118672 0.139069 0.000000 -0.124108 0.991782 0.031062 8.951200 -0.134240 -0.047798 0.989795 -0.286600 0.000000 0.000000 0.000000 1.000000
0.983117 0.118828 0.139142 0.000000 -0.124154 0.991803 0.030208 8.951200 -0.134412 -0.046973 0.989812 -0.286600 0.000000 0.000000 0.000000 1.000000
0.983182 0.118887 0.138631 0.000000 -0.124056 0.991845 0.029232 8.951200 -0.134025 -0.045939 0.989913 -0.286600 0.000000 0.000000 0.000000 1.000000
0.983231 0.119435 0.137811 0.000000 -0.124455 0.991820 0.028372 8.951200 -0.133295 -0.045047 0.990052 -0.286600 0.000000 0.000000 0.000000 1.000000
0.983192 0.120497 0.137165 0.000000 -0.125420 0.991714 0.027802 8.951200 -0.132679 -0.044538 0.990158 -0.286600 0.000000 0.000000 0.000000 1.000000
0.983074 0.121424 0.137196 -0.000000 -0.126303 0.991613 0.027404 8.951200 -0.132718 -0.044269 0.990165 -0.286600 0.000000 0.000000 0.000000 1.000000
0.982883 0.121859 0.138170 0.000000 -0.126703 0.991579 0.026792 8.951200 -0.133741 -0.043840 0.990046 -0.286600 0.000000 0.000000 0.000000 1.000000
0.982562 0.122251 0.140092 0.000000 -0.127031 0.991567 0.025664 8.951200 -0.135773 -0.043013 0.989806 -0.286600 0.000000 0.000000 0.000000 1.000000
0.982056 0.123100 0.142869 0.000000 -0.127811 0.991502 0.024246 8.951200 -0.138670 -0.042071 0.989445 -0.286600 0.000000 0.000000 0.000000 1.000000
0.981420 0.124136 0.146303 0.000000 -0.128843 0.991395 0.023117 8.951200 -0.142174 -0.041537 0.988970 -0.286600 0.000000 0.000000 0.000000 1.000000
0.980783 0.124665 0.150076 0.000000 -0.129438 0.991334 0.022430 8.951200 -0.145979 -0.041425 0.988420 -0.286600 0.000000 0.000000 0.000000 1.000000
0.980199 0.124485 0.153993 0.000000 -0.129312 0.991366 0.021700 8.951200 -0.149962 -0.041183 0.987834 -0.286600 0.000000 0.000000 0.000000 1.000000
0.979594 0.124142 0.158064 0.000000 -0.128947 0.991440 0.020478 8.951200 -0.154169 -0.040442 0.987216 -0.286600 0.000000 0.000000 0.000000 1.000000
0.978887 0.124291 0.162274 0.000000 -0.129006 0.991465 0.018810 8.951200 -0.158552 -0.039347 0.986566 -0.286600 0.000000 0.000000 0.000000 1.000000
0.978079 0.124965 0.166570 0.000000 -0.129582 0.991421 0.017098 8.951200 -0.163004 -0.038307 0.985881 -0.286600 0.000000 0.000000 0.000000 1.000000
0.977208 0.125582 0.171153 0.000000 -0.130198 0.991359 0.015967 8.951200 -0.167669 -0.037887 0.985115 -0.286600 0.000000 0.000000 0.000000 1.000000
0.976272 0.125651 0.176365 -0.000000 -0.130479 0.991322 0.015999 8.951200 -0.172825 -0.038631 0.984195 -0.286600 0.000000 0.000000 0.000000 1.000000
0.975291 0.125180 0.182039 0.000000 -0.130436 0.991308 0.017147 8.951200 -0.178310 -0.040467 0.983142 -0.286600 0.000000 0.000000 0.000000 1.000000
0.974425 0.124397 0.187138 0.000000 -0.130147 0.991318 0.018711 8.951200 -0.183186 -0.042588 0.982155 -0.286600 0.000000 0.000000 0.000000 1.000000
0.973929 0.123389 0.190361 -0.000000 -0.129541 0.991369 0.020173 8.951200 -0.186229 -0.044307 0.981507 -0.286600 0.000000 0.000000 0.000000 1.000000
0.973903 0.122131 0.191302 0.000000 -0.128604 0.991458 0.021744 8.951200 -0.187013 -0.045779 0.981290 -0.286600 0.000000 0.000000 0.000000 1.000000
0.974134 0.120787 0.190982 0.000000 -0.127608 0.991540 0.023784 8.951200 -0.186493 -0.047539 0.981305 -0.286600 0.000000 0.000000 0.000000 1.000000
0.974277 0.119757 0.190899 -0.000000 -0.126968 0.991567 0.025954 8.951200 -0.186181 -0.049525 0.981266 -0.286600 0.000000 0.000000 0.000000 1.000000
0.974191 0.119268 0.191645 0.000000 -0.126774 0.991554 0.027353 8.951200 -0.186764 -0.050942 0.981083 -0.286600 0.000000 0.000000 0.000000 1.000000
0.974007 0.119012 0.192733 0.000000 -0.126595 0.991574 0.027471 8.951200 -0.187840 -0.051156 0.980867 -0.286600 0.000000 0.000000 0.000000 1.000000
0.973913 0.118529 0.193508 -0.000000 -0.125998 0.991671 0.026712 8.951200 -0.188730 -0.050397 0.980735 -0.286600 0.000000 0.000000 0.000000 1.000000
0.973945 0.117806 0.193784 -0.000000 -0.125116 0.991804 0.025883 8.951200 -0.189147 -0.049454 0.980703 -0.286600 0.000000 0.000000 0.000000 1.000000
0.974026 0.117248 0.193716 0.000000 -0.124456 0.991899 0.025423 8.951200 -0.189166 -0.048872 0.980728 -0.286600 0.000000 0.000000 0.000000 1.000000
0.974101 0.117126 0.193411 -0.000000 -0.124279 0.991927 0.025230 8.951200 -0.188895 -0.048613 0.980793 -0.286600 0.000000 0.000000 0.000000 1.000000
0.974181 0.117275 0.192918 0.000000 -0.124377 0.991918 0.025084 8.951200 -0.188417 -0.048431 0.980894 -0.286600 0.000000 0.000000 0.000000 1.000000
0.974281 0.117302 0.192397 0.000000 -0.124366 0.991921 0.025017 8.951200 -0.187908 -0.048301 0.980998 -0.286600 0.000000 0.000000 0.000000 1.000000
0.974408 0.116977 0.191954 0.000000 -0.124042 0.991958 0.025173 8.951200 -0.187466 -0.048340 0.981081 -0.286600 0.000000 0.000000 0.000000 1.000000
0.974626 0.116365 0.191214 0.000000 -0.123431 0.992027 0.025430 8.951200 -0.186731 -0.048386 0.981219 -0.286600 0.000000 0.000000 0.000000 1.000000
