5.167,30,155,65
B0,mixamorig2_Hips,-1,0.9940705299377441,0.04202348738908768,-0.10028644651174545,0,-0.052504267543554306,0.9931628108024597,-0.10426714271306992,0,0.09521926194429398,0.10891438275575638,0.9894800782203674,0,1.137678861618042,97.21251678466797,2.487912654876709,1
B1,mixamorig2_Spine,0,0.9823919534683228,-0.14175236225128174,-0.12170496582984924,0,0.13338495790958405,0.9882690906524658,-0.07438570261001587,0,0.13082171976566315,0.05684233829379082,0.9897749423980713,0,0,8.951199531555176,-0.2865999937057495,1
B2,mixamorig2_Spine1,1,0.9985993504524231,0.05173978582024574,-0.011060452088713646,0,-0.0503912977874279,0.9937827587127686,0.09927618503570557,0,0.016128240153193474,-0.09857986122369766,0.9949985146522522,0,0,10.448399543762207,0,1
B3,mixamorig2_Spine2,2,0.9985024929046631,0.053288768976926804,-0.012382274493575096,0,-0.05181761831045151,0.993798553943634,0.09838519990444183,0,0.01754789426922798,-0.09759620577096939,0.995071530342102,0,0,11.940999984741211,0,1
B4,mixamorig2_Neck,3,0.9989423155784607,-0.01366758719086647,-0.043893445283174515,0,0.018487747758626938,0.9936084151268005,0.11135940253734589,0,0.04209083318710327,-0.11205298453569412,0.9928106665611267,0,0,13.433600425720215,0,1
B5,mixamorig2_Head,4,0.9989423155784607,-0.015065587125718594,-0.043433502316474915,0,0.018487747758626938,0.9966633915901184,0.07950006425380707,0,0.04209083318710327,-0.08021882176399231,0.995888352394104,0,0,8.477299690246582,0.4431000053882599,1
B6,mixamorig2_HeadTop_End,5,1,0,0,0,0,1,0,0,0,0,1,0,0,21.306800842285156,1.1136000156402588,1
B7,mixamorig2_LeftShoulder,3,0.07462628185749054,0.01291328389197588,-0.9971280097961426,0,0.9265753030776978,-0.3705282211303711,0.06454700976610184,0,-0.3686307668685913,-0.9287311434745789,-0.03961615264415741,0,5.225299835205078,11.903499603271484,-0.04659999907016754,1
B8,mixamorig2_LeftArm,7,0.6475664377212524,-0.07133740931749344,-0.7586619853973389,0,0.5167997479438782,0.7727585434913635,0.36845916509628296,0,0.5599782466888428,-0.630678117275238,0.5372794270515442,0,0,10.833399772644043,0,1
B9,mixamorig2_LeftForeArm,8,-0.40209707617759705,0.9151473045349121,0.02869267202913761,0,-0.9153032898902893,-0.4025649130344391,0.01272166334092617,0,0.023193009197711945,-0.02114749513566494,0.9995070099830627,0,0,25.510299682617188,0,1
B10,mixamorig2_LeftHand,9,0.7058429718017578,-0.2608971893787384,-0.6585731506347656,0,0.353780597448349,0.935288667678833,0.008654090575873852,0,0.6136975884437561,-0.23909907042980194,0.7524668574333191,0,0,24.506200790405273,0,1
B11,mixamorig2_LeftHandThumb1,10,0.7097944617271423,0.7028853297233582,-0.04629427567124367,0,-0.38866758346557617,0.4456039071083069,0.8064572215080261,0,0.587476372718811,-0.5544260740280151,0.5894761681556702,0,-2.9267001152038574,3.0195999145507812,1.2417999505996704,1
B12,mixamorig2_LeftHandThumb2,11,0.9880229830741882,0.1528778374195099,-0.020935967564582825,0,-0.15122966468334198,0.9863317012786865,0.06541287153959274,0,0.030650688335299492,-0.061462435871362686,0.9976381659507751,0,-0.6902999877929688,3.439199924468994,0,1
B13,mixamorig2_LeftHandThumb3,12,0.9999426007270813,0.007042255252599716,0.007953050546348095,0,-0.005846738815307617,0.9899157285690308,-0.14153215289115906,0,-0.008869779296219349,0.14147846400737762,0.9899013042449951,0,0.15240000188350677,3.0773000717163086,0,1
B14,mixamorig2_LeftHandThumb4,13,1,0,0,0,0,1,0,0,0,0,1,0,0.5378000140190125,2.210599899291992,0,1
B15,mixamorig2_LeftHandIndex1,10,0.9276857376098633,0.36968815326690674,-0.05224335193634033,0,-0.3730153441429138,0.911683976650238,-0.1723146289587021,0,-0.01607394777238369,0.17934204638004303,0.9836556911468506,0,-3.337100028991699,9.136300086975098,0.1177000030875206,1
B16,mixamorig2_LeftHandIndex2,15,0.9999889731407166,-0.004676000215113163,-0.00009999999747378752,0,0.004676000215113163,0.9999889731407166,1.924037318357108e-12,0,0.00009999999747378752,-8.318692152897711e-7,1,0,0.008999999612569809,3.075900077819824,0,1
B17,mixamorig2_LeftHandIndex3,16,0.9999740123748779,0.007265088614076376,-0.00010566372657194734,0,-0.007259257137775421,0.9984628558158875,-0.054941575974226,0,-0.00029349559918046,0.05494140833616257,0.9984896779060364,0,-0.004900000058114529,2.8001999855041504,0,1
B18,mixamorig2_LeftHandIndex4,17,1,0,0,0,0,1,0,0,0,0,1,0,-0.00419999985024333,2.44569993019104,0,1
B19,mixamorig2_LeftHandMiddle1,10,0.9586162567138672,0.28415602445602417,-0.01761350780725479,0,-0.28460973501205444,0.9548932909965515,-0.08471202850341797,0,-0.007252308074384928,0.08621906489133835,0.9962498545646667,0,-0.9397000074386597,9.032699584960938,-0.17170000076293945,1
B20,mixamorig2_LeftHandMiddle2,19,0.9996472001075745,-0.026453662663698196,-0.0022728319745510817,0,0.026454662904143333,0.9851283431053162,0.16977180540561676,0,-0.002251999918371439,-0.1697719842195511,0.9854804873466492,0,0.008700000122189522,3.3073999881744385,0,1
B21,mixamorig2_LeftHandMiddle3,20,0.9999009966850281,-0.014041220769286156,-0.0009216725593432784,0,0.014059220440685749,0.9941077828407288,0.10747824609279633,0,-0.0005926725571043789,-0.1074802428483963,0.9942069053649902,0,-0.004699999932199717,3.1054000854492188,0,1
B22,mixamorig2_LeftHandMiddle4,21,1,0,0,0,0,1,0,0,0,0,1,0,-0.0038999998942017555,2.734100103378296,0,1
B23,mixamorig2_LeftHandRing1,10,0.9806382060050964,0.19579043984413147,0.0038668536581099033,0,-0.19580426812171936,0.9800106287002563,0.03519151359796524,0,0.003100349334999919,-0.03526751324534416,0.9993724822998047,0,1.11489999294281,9.02649974822998,-0.13850000500679016,1
B24,mixamorig2_LeftHandRing2,23,0.9985560178756714,-0.052737001329660416,-0.010188831947743893,0,0.052712999284267426,0.9257693290710449,0.3743951618671417,0,-0.010312000289559364,-0.37439215183258057,0.9272133708000183,0,0.005400000140070915,2.7511000633239746,0,1
B25,mixamorig2_LeftHandRing3,24,0.9991769790649414,-0.04002085700631142,-0.006594840437173843,0,0.040128856897354126,0.951742947101593,0.3042616844177246,0,-0.005900840740650892,-0.3042756915092468,0.9525659084320068,0,-0.0032999999821186066,2.789299964904785,0,1
B26,mixamorig2_LeftHandRing4,25,1,0,0,0,0,1,0,0,0,0,1,0,-0.002099999925121665,2.3826000690460205,0,1
B27,mixamorig2_LeftHandPinky1,10,0.9992366433143616,0.03847961127758026,-0.006699694320559502,0,-0.0359332375228405,0.9728879332542419,0.22846491634845734,0,0.015309331938624382,-0.22805026173591614,0.973528265953064,0,3.161900043487549,8.505999565124512,0.05460000038146973,1
B28,mixamorig2_LeftHandPinky2,27,0.9997310042381287,-0.004786000121384859,-0.022676832973957062,0,0.016506999731063843,0.8338320255279541,0.5517709851264954,0,0.01626783236861229,-0.551997184753418,0.8336870074272156,0,0.002400000113993883,2.48009991645813,0,1
B29,mixamorig2_LeftHandPinky3,28,0.9979619979858398,-0.06194933503866196,-0.015275168232619762,0,0.06208650395274162,0.8876606225967407,0.45629286766052246,0,-0.014708167873322964,-0.4563116729259491,0.8896985054016113,0,-0.00139999995008111,2.079900026321411,0,1
B30,mixamorig2_LeftHandPinky4,29,1,0,0,0,0,1,0,0,0,0,1,0,-0.0010000000474974513,1.8425999879837036,0,1
B31,mixamorig2_RightShoulder,3,0.013058612123131752,-0.016073761507868767,0.999785840511322,0,-0.919985294342041,-0.3919122815132141,0.005715026520192623,0,0.3917357921600342,-0.9198621511459351,-0.019905880093574524,0,-5.225299835205078,11.903599739074707,-0.05130000039935112,1
B32,mixamorig2_RightArm,31,0.9932135939598083,-0.1058778390288353,-0.046673212200403214,0,0.10900339484214783,0.7221669554710388,0.6830176711082458,0,-0.03864284232258797,-0.6834447383880615,0.7288663983345032,0,0,10.833399772644043,0,1
B33,mixamorig2_RightForeArm,32,0.7670302391052246,-0.6403783559799194,-0.012577562592923641,0,0.6404905319213867,0.7669848799705505,0.009163893759250641,0,0.0037580356001853943,-0.015084736049175262,0.9998791217803955,0,0,25.508899688720703,0,1
B34,mixamorig2_RightHand,33,0.9862008690834045,-0.16226089000701904,-0.031140314415097237,0,0.16264298558235168,0.9865890145301819,0.009908562526106834,0,0.029098473489284515,-0.014877368696033955,0.9994551539421082,0,0,24.507200241088867,0,1
B35,mixamorig2_RightHandThumb1,34,0.9909729361534119,-0.1338144838809967,0.007094952277839184,0,0.13264583051204681,0.9870854616165161,0.08969951421022415,0,-0.019015321508049965,-0.08794624358415604,0.995940625667572,0,2.7197999954223633,2.723599910736084,1.186400055885315,1
B36,mixamorig2_RightHandThumb2,35,0.9969390034675598,-0.06499865651130676,-0.04345083236694336,0,0.0666036531329155,0.9971089959144592,0.03657500073313713,0,0.04094783216714859,-0.03935683146119118,0.998386025428772,0,0.5569000244140625,3.1737000942230225,0,1
B37,mixamorig2_RightHandThumb3,36,0.9933639764785767,-0.11276021599769592,0.022591598331928253,0,0.11422018706798553,0.9902459383010864,-0.07978174090385437,0,-0.013374333269894123,0.08183328807353973,0.9965564012527466,0,-0.20649999380111694,3.249300003051758,0,1
B38,mixamorig2_RightHandThumb4,37,1,0,0,0,0,1,0,0,0,0,1,0,-0.35040000081062317,2.8046998977661133,0,1
B39,mixamorig2_RightHandIndex1,34,0.9830462336540222,-0.18335677683353424,0.0009431855869479477,0,0.18323694169521332,0.9821915626525879,-0.041523609310388565,0,0.006686823442578316,0.0409926101565361,0.9991371631622314,0,3.283900022506714,9.167900085449219,0.012000000104308128,1
B40,mixamorig2_RightHandIndex2,39,0.9999650120735168,0.008350168354809284,0.0002479999966453761,0,-0.008349999785423279,0.998071014881134,0.061514176428318024,0,0.000266168121015653,-0.06151334568858147,0.9981060028076172,0,-0.0013000000035390258,3.0429000854492188,0,1
B41,mixamorig2_RightHandIndex3,40,0.9997332692146301,-0.02298213541507721,0.0021545568015426397,0,0.022979969158768654,0.9821236729621887,-0.18672190606594086,0,0.002179565606638789,0.18672190606594086,0.9823903441429138,0,0.0019000000320374966,2.8647000789642334,0,1
B42,mixamorig2_RightHandIndex4,41,1,0,0,0,0,1,0,0,0,0,1,0,-0.000699999975040555,2.432300090789795,0,1
B43,mixamorig2_RightHandMiddle1,34,0.98180091381073,-0.18988865613937378,-0.0028860699385404587,0,0.18954548239707947,0.9788572192192078,0.07688551396131516,0,-0.011774389073252678,-0.07603351771831512,0.9970354437828064,0,0.9546999931335449,8.974800109863281,0.024900000542402267,1
B44,mixamorig2_RightHandMiddle2,43,0.9998800158500671,0.015455000102519989,0.0011071681510657072,0,-0.015451000072062016,0.9891129732131958,0.14634300768375397,0,0.0011660000309348106,-0.14634282886981964,0.9892330169677734,0,0.002400000113993883,3.1963999271392822,0,1
B45,mixamorig2_RightHandMiddle3,44,0.9999179840087891,-0.0073181637562811375,0.010479982011020184,0,0.008007827214896679,0.9976990222930908,-0.0673217922449112,0,-0.009962981566786766,0.06739995628595352,0.9976760149002075,0,-0.0006000000284984708,3.1865999698638916,0,1
B46,mixamorig2_RightHandMiddle4,45,1,0,0,0,0,1,0,0,0,0,1,0,-0.0017999999690800905,2.7548999786376953,0,1
B47,mixamorig2_RightHandRing1,34,0.9802978038787842,-0.1954677850008011,-0.028435494750738144,0,0.19684447348117828,0.9548020362854004,0.2227223962545395,0,-0.016384422779083252,-0.2239314168691635,0.9744672775268555,0,-1.1521999835968018,9.07759952545166,-0.23340000212192535,1
B48,mixamorig2_RightHandRing2,47,0.9996830224990845,0.02503800019621849,0.0028210000600665808,0,-0.02503800019621849,0.9745911955833435,0.22258733212947845,0,0.0028230000752955675,-0.22258733212947845,0.9749090075492859,0,0.0026000000070780516,2.8696000576019287,0,1
B49,mixamorig2_RightHandRing3,48,0.999904990196228,0.006025169976055622,0.01243097335100174,0,-0.006589002441614866,0.9989269971847534,0.045849185436964035,0,-0.01214114110916853,-0.0459270179271698,0.9988710284233093,0,-0.0027000000700354576,2.6958999633789062,0,1
B50,mixamorig2_RightHandRing4,49,1,0,0,0,0,1,0,0,0,0,1,0,0.00009999999747378752,2.287400007247925,0,1
B51,mixamorig2_RightHandPinky1,34,0.973832368850708,-0.22003908455371857,-0.05685809254646301,0,0.22470347583293915,0.8947703838348389,0.385868102312088,0,-0.03403092175722122,-0.38854745030403137,0.9207999110221863,0,-3.086400032043457,8.374699592590332,0.15379999577999115,1
B52,mixamorig2_RightHandPinky2,51,0.9994829893112183,0.03178366646170616,0.0047900001518428326,0,-0.031789831817150116,0.955453634262085,0.29342496395111084,0,0.004749000072479248,-0.2934258282184601,0.9559696316719055,0,0.0031999999191612005,2.5383999347686768,0,1
B53,mixamorig2_RightHandPinky3,52,0.9998689889907837,0.016138000413775444,0.000999000039882958,0,-0.016121167689561844,0.9903339743614197,0.13776050508022308,0,0.0012339999666437507,-0.1377585083246231,0.990464985370636,0,-0.0019000000320374966,2.1456000804901123,0,1
B54,mixamorig2_RightHandPinky4,53,1,0,0,0,0,1,0,0,0,0,1,0,-0.0013000000035390258,1.9493999481201172,0,1
B55,mixamorig2_LeftUpLeg,0,-0.9866915345191956,0.12217187881469727,0.10730431228876114,0,-0.11351235955953598,-0.9900276064872742,0.08342912048101425,0,0.11642662435770035,0.07013831287622452,0.9907198548316956,0,8.899700164794922,-4.969699859619141,-0.7815999984741211,1
B56,mixamorig2_LeftLeg,55,0.9956961274147034,0.005112474784255028,-0.09253405034542084,0,-0.05218559131026268,0.8560585975646973,-0.5142375230789185,0,0.07658501714468002,0.516852855682373,0.852641224861145,0,0,42.8650016784668,0,1
B57,mixamorig2_LeftFoot,56,0.8829442858695984,-0.019032703712582588,0.46909087896347046,0,-0.4476976990699768,0.26666054129600525,0.8534976243972778,0,-0.1413324773311615,-0.9636024832725525,0.22692550718784332,0,0,42.83760070800781,0,1
B58,mixamorig2_LeftToeBase,57,0.9939749836921692,-0.006678513251245022,0.10940350592136383,0,-0.0674305111169815,0.7496430277824402,0.6583983302116394,0,-0.08641049265861511,-0.6618083119392395,0.7446759939193726,0,0,15.807000160217285,0,1
B59,mixamorig2_LeftToe_End,58,1,0,0,0,0,1,0,0,0,0,1,0,0,6.435299873352051,0,1
B60,mixamorig2_RightUpLeg,0,-0.9503200650215149,0.24060876667499542,-0.19748176634311676,0,-0.27844542264938354,-0.9406954646110535,0.19380435347557068,0,-0.13913866877555847,0.2391640990972519,0.9609586596488953,0,-8.899700164794922,-4.969699859619141,-0.9538999795913696,1
B61,mixamorig2_RightLeg,60,0.9871899485588074,-0.09772846102714539,-0.12611691653728485,0,0.041953038424253464,0.9216329455375671,-0.38578835129737854,0,0.15393665432929993,0.37555575370788574,0.9139261841773987,0,0,42.86309814453125,0,1
B62,mixamorig2_RightFoot,61,0.9756929874420166,0.1515020728111267,-0.15833675861358643,0,0.04030885919928551,0.5861266851425171,0.8092154860496521,0,0.2154029905796051,-0.795928418636322,0.5657727122306824,0,0,42.83420181274414,0,1
B63,mixamorig2_RightToeBase,62,0.9941570162773132,0.004797495901584625,-0.10783883184194565,0,0.06481749564409256,0.7723285555839539,0.6319072842597961,0,0.08631917089223862,-0.6352052688598633,0.7675045728683472,0,0,15.84119987487793,0,1
B64,mixamorig2_RightToe_End,63,1,0,0,0,0,1,0,0,0,0,1,0,0,6.527900218963623,0,1
@52,0,1,2,3,4,5,7,8,9,10,11,12,13,15,16,17,19,20,21,23,24,25,27,28,29,31,32,33,34,35,36,37,39,40,41,43,44,45,47,48,49,51,52,53,55,56,57,58,60,61,62,63
K0.000,0.9941570162773132,0.04250599816441536,-0.09922099858522415,0,-0.05383199825882912,0.9919739961624146,-0.11441300064325333,0,0.09356199949979782,0.11908599734306335,0.9884660243988037,0,1.275866985321045,97.18467712402344,2.2355570793151855,1,0.9828879833221436,-0.12814700603485107,-0.13232199847698212,0,0.12119299918413162,0.9908519983291626,-0.05937200039625168,0,0.13872000575065613,0.042319998145103455,0.9894269704818726,0,0,8.951199531555176,-0.2865999937057495,1,0.9989349842071533,0.04501200094819069,-0.01014500018209219,0,-0.04362000152468681,0.9929329752922058,0.11037199944257736,0,0.015042000450193882,-0.10981199890375137,0.9938390254974365,0,0,10.448399543762207,0,1,0.9987949728965759,0.04764999821782112,-0.011739999987185001,0,-0.04608900099992752,0.9929569959640503,0.10914699733257294,0,0.016858000308275223,-0.10847499966621399,0.9939560294151306,0,0,11.940999984741211,0,1,0.9990280270576477,-0.01823900081217289,-0.040137000381946564,0,0.021745000034570694,0.995818018913269,0.08873800188302994,0,0.03835099935531616,-0.0895249992609024,0.9952459931373596,0,0,13.433600425720215,0,1,0.9990280270576477,-0.019514000043272972,-0.03953300043940544,0,0.021745000034570694,0.9981480240821838,0.05681899935007095,0,0.03835099935531616,-0.05762400105595589,0.9976009726524353,0,0,8.477299690246582,0.4431000053882599,1,0.06660400331020355,0.011749000288546085,-0.9977099895477295,0,0.9336190223693848,-0.35351499915122986,0.05816299840807915,0,-0.3520219922065735,-0.935355007648468,-0.03451500087976456,0,5.225299835205078,11.903499603271484,-0.04659999907016754,1,0.6594359874725342,-0.05316799879074097,-0.7498779892921448,0,0.497747004032135,0.7784119844436646,0.38252198696136475,0,0.5633760094642639,-0.6254990100860596,0.5397769808769226,0,0,10.833399772644043,0,1,-0.4006839990615845,0.915768027305603,0.02867400087416172,0,-0.9159240126609802,-0.40115100145339966,0.01273099984973669,0,0.02316099964082241,-0.021161999553442,0.9995080232620239,0,0,25.510299682617188,0,1,0.7003970146179199,-0.2630319893360138,-0.663519024848938,0,0.3605870008468628,0.9326620101928711,0.010901999659836292,0,0.6159719824790955,-0.24689200520515442,0.7480800151824951,0,0,24.506200790405273,0,1,0.7104420065879822,0.7027329802513123,-0.0379129983484745,0,-0.3829990029335022,0.4312720000743866,0.816893994808197,0,0.5904099941253662,-0.5658360123634338,0.5755400061607361,0,-2.9267001152038574,3.0195999145507812,1.2417999505996704,1,0.9951859712600708,0.09797599911689758,-0.0022609999869018793,0,-0.09773900359869003,0.9939420223236084,0.050269998610019684,0,0.007172000128775835,-0.049807000905275345,0.9987329840660095,0,-0.6902999877929688,3.439199924468994,0,1,0.9996389746665955,0.02676199935376644,-0.0025110000278800726,0,-0.02684600092470646,0.9893360137939453,-0.14315499365329742,0,-0.0013470000121742487,0.14317099750041962,0.9896969795227051,0,0.15240000188350677,3.0773000717163086,0,1,0.9257670044898987,0.37434500455856323,-0.053119998425245285,0,-0.3777639865875244,0.9099019765853882,-0.17138400673866272,0,-0.01582299917936325,0.17872799932956696,0.983771026134491,0,-3.337100028991699,9.136300086975098,0.1177000030875206,1,0.9999889731407166,-0.004676000215113163,-0.00009999999747378752,0,0.004676000215113163,0.9999889731407166,0,0,0.00009999999747378752,0,1,0,0.008999999612569809,3.075900077819824,0,1,0.9999939799308777,0.003321999916806817,0,0,-0.0033209999091923237,0.9996820092201233,-0.024999000132083893,0,-0.00008399999933317304,0.024999000132083893,0.9996870160102844,0,-0.004900000058114529,2.8001999855041504,0,1,0.9577460289001465,0.28710299730300903,-0.017162000760436058,0,-0.28753799200057983,0.9543960094451904,-0.08031199872493744,0,-0.006678999867290258,0.0818530023097992,0.9966220259666443,0,-0.9397000074386597,9.032699584960938,-0.17170000076293945,1,0.9996470212936401,-0.026455000042915344,-0.0022730000782757998,0,0.02645600028336048,0.9851260185241699,0.16978199779987335,0,-0.0022529999259859324,-0.16978299617767334,0.9854789972305298,0,0.008700000122189522,3.3073999881744385,0,1,0.9998589754104614,-0.01674100011587143,-0.0012710000155493617,0,0.016766000539064407,0.9916290044784546,0.12802399694919586,0,-0.0008829999715089798,-0.12802700698375702,0.9917700290679932,0,-0.004699999932199717,3.1054000854492188,0,1,0.9805639982223511,0.19614200294017792,0.004784999880939722,0,-0.19616000354290009,0.9795730113983154,0.04425400123000145,0,0.003992999903857708,-0.04433299973607063,0.9990090131759644,0,1.11489999294281,9.02649974822998,-0.13850000500679016,1,0.9985569715499878,-0.05273500084877014,-0.010188000276684761,0,0.05271099880337715,0.9257749915122986,0.37438198924064636,0,-0.010311000049114227,-0.3743790090084076,0.9272180199623108,0,0.005400000140070915,2.7511000633239746,0,1,0.999127984046936,-0.041154999285936356,-0.006971000228077173,0,0.04126900061964989,0.9489120244979858,0.31282898783683777,0,-0.006258999928832054,-0.31284400820732117,0.949783980846405,0,-0.0032999999821186066,2.789299964904785,0,1,0.9992920160293579,0.036876000463962555,-0.0075159999541938305,0,-0.033980999141931534,0.9699419736862183,0.24095100164413452,0,0.016176000237464905,-0.24052399396896362,0.9705079793930054,0,3.161900043487549,8.505999565124512,0.05460000038146973,1,0.9997310042381287,-0.004786000121384859,-0.022677000612020493,0,0.016506999731063843,0.8338320255279541,0.5517709851264954,0,0.01626800000667572,-0.5519970059394836,0.8336870074272156,0,0.002400000113993883,2.48009991645813,0,1,0.9979640245437622,-0.06192699819803238,-0.015263999812304974,0,0.062063999474048615,0.8877459764480591,0.4561310112476349,0,-0.01469700038433075,-0.45614901185035706,0.8897820115089417,0,-0.00139999995008111,2.079900026321411,0,1,0.03581300005316734,-0.0177800003439188,0.9991999864578247,0,-0.9159790277481079,-0.4004020094871521,0.02570500038564205,0,0.3996250033378601,-0.9161670207977295,-0.030626000836491585,0,-5.225299835205078,11.903599739074707,-0.05130000039935112,1,0.9672930240631104,-0.2527509927749634,-0.021460000425577164,0,0.1802860051393509,0.6255149841308594,0.7590969800949097,0,-0.17843900620937347,-0.7381380200386047,0.6506239771842957,0,0,10.833399772644043,0,1,0.9945539832115173,-0.1038070023059845,-0.009321999736130238,0,0.10382500290870667,0.9945949912071228,0.0014860000228509307,0,0.009116999804973602,-0.002445999998599291,0.9999549984931946,0,0,25.508899688720703,0,1,0.9962729811668396,0.08280500024557114,0.024136999621987343,0,-0.0811930000782013,0.9948019981384277,-0.06145799905061722,0,-0.029100999236106873,0.059268999844789505,0.9978179931640625,0,0,24.507200241088867,0,1,0.983439028263092,-0.18117700517177582,-0.004774999804794788,0,0.18007700145244598,0.9738079905509949,0.13881300389766693,0,-0.020500000566244125,-0.13737399876117706,0.9903069734573364,0,2.7197999954223633,2.723599910736084,1.186400055885315,1,0.9992629885673523,0.03625499829649925,0.012649999931454659,0,-0.03673199936747551,0.9985340237617493,0.03975199908018112,0,-0.011189999990165234,-0.04018700122833252,0.9991300106048584,0,0.5569000244140625,3.1737000942230225,0,1,0.9982799887657166,-0.05765499919652939,0.010587000288069248,0,0.05813800171017647,0.9968960285186768,-0.05308999866247177,0,-0.007493000011891127,0.05361400172114372,0.9985340237617493,0,-0.20649999380111694,3.249300003051758,0,1,0.9804900288581848,-0.19649100303649902,-0.005539999809116125,0,0.19655899703502655,0.9797639846801758,0.03777699917554855,0,-0.0019950000569224358,-0.03812900185585022,0.9992709755897522,0,3.283900022506714,9.167900085449219,0.012000000104308128,1,0.999750018119812,0.022255999967455864,0.0020179999992251396,0,-0.022257000207901,0.9835249781608582,0.17939899861812592,0,0.002007999923080206,-0.17939899861812592,0.9837740063667297,0,-0.0013000000035390258,3.0429000854492188,0,1,0.9993190169334412,0.03641099855303764,0.005998999811708927,0,-0.03643700107932091,0.9479110240936279,0.316444993019104,0,0.005836000200361013,-0.31644800305366516,0.9485920071601868,0,0.0019000000320374966,2.8647000789642334,0,1,0.9813089966773987,-0.19191999733448029,-0.01411799993366003,0,0.19120299816131592,0.9640780091285706,0.18437699973583221,0,-0.021774999797344208,-0.18363000452518463,0.9827539920806885,0,0.9546999931335449,8.974800109863281,0.024900000542402267,1,0.9995579719543457,0.02945699915289879,0.0040799998678267,0,-0.029458999633789062,0.9620460271835327,0.2712939977645874,0,0.00406700000166893,-0.2712939977645874,0.9624879956245422,0,0.002400000113993883,3.1963999271392822,0,1,0.9996569752693176,0.024570999667048454,0.009091000072658062,0,-0.026024000719189644,0.9712759852409363,0.23653000593185425,0,-0.003017999930307269,-0.23668499290943146,0.9715819954872131,0,-0.0006000000284984708,3.1865999698638916,0,1,0.9826989769935608,-0.18027600646018982,-0.04246100038290024,0,0.1833299994468689,0.9142410159111023,0.36132198572158813,0,-0.026318000629544258,-0.3628549873828888,0.931473970413208,0,-1.1521999835968018,9.07759952545166,-0.23340000212192535,1,0.9994869828224182,0.03170499950647354,0.004486000165343285,0,-0.03170400112867355,0.960174024105072,0.27759701013565063,0,0.004494000226259232,-0.27759701013565063,0.960686981678009,0,0.0026000000070780516,2.8696000576019287,0,1,0.9996259808540344,0.024699000641703606,0.011704999953508377,0,-0.026618000119924545,0.9769859910011292,0.2116360068321228,0,-0.006209000013768673,-0.2118690013885498,0.9772779941558838,0,-0.0027000000700354576,2.6958999633789062,0,1,0.9792309999465942,-0.18863099813461304,-0.07433000206947327,0,0.19856199622154236,0.8181350231170654,0.5396559834480286,0,-0.04098400101065636,-0.5432069897651672,0.8385980129241943,0,-3.086400032043457,8.374699592590332,0.15379999577999115,1,0.9994829893112183,0.03178400173783302,0.004790999926626682,0,-0.03178999945521355,0.9554529786109924,0.2934249937534332,0,0.004749000072479248,-0.2934260070323944,0.9559699892997742,0,0.0031999999191612005,2.5383999347686768,0,1,0.9997419714927673,0.022624000906944275,0.002051000017672777,0,-0.022592000663280487,0.9807689785957336,0.19385899603366852,0,0.0023739999160170555,-0.19385500252246857,0.9810270071029663,0,-0.0019000000320374966,2.1456000804901123,0,1,-0.9867389798164368,0.12654200196266174,0.10164900124073029,0,-0.11920200288295746,-0.9900090098381042,0.07531599700450897,0,0.11016400158405304,0.06220100075006485,0.9919649958610535,0,8.899700164794922,-4.969699859619141,-0.7815999984741211,1,0.9943519830703735,0.0013279999839141965,-0.10611899942159653,0,-0.056060999631881714,0.8556039929389954,-0.5145869851112366,0,0.09011299908161163,0.5176299810409546,0.850845992565155,0,0,42.8650016784668,0,1,0.8755760192871094,-0.018379999324679375,0.4827300012111664,0,-0.46100300550460815,0.2668460011482239,0.846327006816864,0,-0.14437000453472137,-0.9635639786720276,0.22517099976539612,0,0,42.83760070800781,0,1,0.9939749836921692,-0.006668000016361475,0.10939999669790268,0,-0.06741999834775925,0.7497649788856506,0.6582599878311157,0,-0.08641400188207626,-0.6616700291633606,0.744799017906189,0,0,15.807000160217285,0,1,-0.9530329704284668,0.2472209930419922,-0.1749580055475235,0,-0.278313010931015,-0.9427109956741333,0.1839500069618225,0,-0.11945900321006775,0.22400400042533875,0.9672390222549438,0,-8.899700164794922,-4.969699859619141,-0.9538999795913696,1,0.9835879802703857,-0.10174299776554108,-0.1490049958229065,0,0.037824999541044235,0.9237689971923828,-0.3810789883136749,0,0.1764180064201355,0.36918801069259644,0.9124559760093689,0,0,42.86309814453125,0,1,0.9759290218353271,0.15406399965286255,-0.15435799956321716,0,0.0345270000398159,0.5897039771080017,0.8068810105323792,0,0.21533699333667755,-0.7927889823913574,0.5701900124549866,0,0,42.83420181274414,0,1,0.9941610097885132,0.004685999825596809,-0.10780099779367447,0,0.06469400227069855,0.7736859917640686,0.6302570104598999,0,0.08635800331830978,-0.6335510015487671,0.7688660025596619,0,0,15.84119987487793,0,1
K0.033,0.9941909909248352,0.04216999560594559,-0.09902500361204147,0,-0.053575996309518814,0.9918609857559204,-0.1155020073056221,0,0.09334799647331238,0.12013700604438782,0.9883589744567871,0,1.2842379808425903,97.1868667602539,2.205772876739502,1,0.983020007610321,-0.12677697837352753,-0.13266099989414215,0,0.12008699029684067,0.9911080002784729,-0.05730197951197624,0,0.1387459933757782,0.04039798304438591,0.9895039796829224,0,0,8.951199531555176,-0.2865999937057495,1,0.9989349842071533,0.04496899992227554,-0.010285001248121262,0,-0.04355200007557869,0.9928590059280396,0.1110600084066391,0,0.01520600076764822,-0.110493004322052,0.9937610030174255,0,0,10.448399543762207,0,1,0.9987969994544983,0.047575000673532486,-0.01189700048416853,0,-0.04598499834537506,0.9928820133209229,0.10986200720071793,0,0.017039000988006592,-0.10918300598859787,0.9938759803771973,0,0,11.940999984741211,0,1,0.999068021774292,-0.018121996894478798,-0.03917698934674263,0,0.021463993936777115,0.9960100054740906,0.08662498742341995,0,0.037450991570949554,-0.08738597482442856,0.9954699873924255,0,0,13.433600425720215,0,1,0.999068021774292,-0.019366996362805367,-0.038576990365982056,0,0.021463993936777115,0.9982720017433167,0.054700981825590134,0,0.037450991570949554,-0.05547798052430153,0.9977570176124573,0,0,8.477299690246582,0.4431000053882599,1,0.06636600196361542,0.011754999868571758,-0.9977260231971741,0,0.9335119724273682,-0.3538370132446289,0.05792499706149101,0,-0.35235100984573364,-0.9352329969406128,-0.03445599973201752,0,5.225299835205078,11.903499603271484,-0.04659999907016754,1,0.6617709994316101,-0.05320700630545616,-0.7478160262107849,0,0.49654000997543335,0.7784450054168701,0.38402101397514343,0,0.5617009997367859,-0.6254540085792542,0.5415710210800171,0,0,10.833399772644043,0,1,-0.40046000480651855,0.9158660173416138,0.028669999912381172,0,-0.916022002696991,-0.40092599391937256,0.012732000090181828,0,0.023155000060796738,-0.021164000034332275,0.9995080232620239,0,0,25.510299682617188,0,1,0.6990579962730408,-0.26288801431655884,-0.6649870276451111,0,0.36207500100135803,0.9320700168609619,0.01215300615876913,0,0.6166200041770935,-0.24927102029323578,0.7467560172080994,0,0,24.506200790405273,0,1,0.7102360129356384,0.7028250098228455,-0.04003601521253586,0,-0.3841269910335541,0.43458104133605957,0.8146079778671265,0,0.5899249911308289,-0.5631840229034424,0.5786290168762207,0,-2.9267001152038574,3.0195999145507812,1.2417999505996704,1,0.9949390292167664,0.10045398771762848,-0.0022479856852442026,0,-0.10021398216485977,0.9936910271644592,0.050347987562417984,0,0.007291984278708696,-0.04986799135804176,0.9987289905548096,0,-0.6902999877929688,3.439199924468994,0,1,0.9994320273399353,0.033177077770233154,-0.005987043026834726,0,-0.033694084733724594,0.9890459775924683,-0.14371199905872345,0,0.0011540307896211743,0.1438320130109787,0.9896010160446167,0,0.15240000188350677,3.0773000717163086,0,1,0.9256770014762878,0.37456104159355164,-0.05316000431776047,0,-0.37798401713371277,0.9098190069198608,-0.1713400036096573,0,-0.015810998156666756,0.17869900166988373,0.9837769865989685,0,-3.337100028991699,9.136300086975098,0.1177000030875206,1,0.9999889731407166,-0.004676000215113163,-0.00009999999747378752,0,0.004676000215113163,0.9999889731407166,0,0,0.00009999999747378752,0,1,0,0.008999999612569809,3.075900077819824,0,1,0.9999909996986389,0.004330005496740341,-0.000015000119674368761,0,-0.0043280054815113544,0.9994580149650574,-0.03264904022216797,0,-0.0001260002754861489,0.03264904022216797,0.9994670152664185,0,-0.004900000058114529,2.8001999855041504,0,1,0.95769202709198,0.2872820198535919,-0.017211001366376877,0,-0.2877190411090851,0.9543280005455017,-0.0804779902100563,0,-0.006694999057799578,0.08202499896287918,0.9966080188751221,0,-0.9397000074386597,9.032699584960938,-0.17170000076293945,1,0.9996470212936401,-0.026453999802470207,-0.0022730000782757998,0,0.02645600028336048,0.9851269721984863,0.1697790026664734,0,-0.0022529999259859324,-0.1697790026664734,0.985480010509491,0,0.008700000122189522,3.3073999881744385,0,1,0.9998700022697449,-0.016050996258854866,-0.0011769995326176286,0,0.01607399620115757,0.9923040270805359,0.12277597188949585,0,-0.0008029995951801538,-0.12277896702289581,0.992434024810791,0,-0.004699999932199717,3.1054000854492188,0,1,0.980538010597229,0.19627299904823303,0.004745000507682562,0,-0.1962900012731552,0.9795659780502319,0.04382600262761116,0,0.003953000530600548,-0.043904002755880356,0.9990280270576477,0,1.11489999294281,9.02649974822998,-0.13850000500679016,1,0.9985569715499878,-0.05273500084877014,-0.010188000276684761,0,0.05271099880337715,0.9257749915122986,0.37438198924064636,0,-0.010311000049114227,-0.3743779957294464,0.9272189736366272,0,0.005400000140070915,2.7511000633239746,0,1,0.9991409778594971,-0.04085899889469147,-0.006871999707072973,0,0.04097200185060501,0.9496570229530334,0.3105989992618561,0,-0.006164999678730965,-0.3106139898300171,0.9505159854888916,0,-0.0032999999821186066,2.789299964904785,0,1,0.9992889761924744,0.036956001073122025,-0.00747600058093667,0,-0.034077998250722885,0.9700919985771179,0.24033500254154205,0,0.016133999451994896,-0.23990899324417114,0.9706609845161438,0,3.161900043487549,8.505999565124512,0.05460000038146973,1,0.9997310042381287,-0.004786000121384859,-0.022676000371575356,0,0.016506999731063843,0.8338320255279541,0.5517709851264954,0,0.01626800000667572,-0.5519970059394836,0.8336870074272156,0,0.002400000113993883,2.48009991645813,0,1,0.9979640245437622,-0.06192399933934212,-0.015261000022292137,0,0.06206100061535835,0.8877609968185425,0.45610299706459045,0,-0.014694999903440475,-0.4561209976673126,0.8897960186004639,0,-0.00139999995008111,2.079900026321411,0,1,0.0346979983150959,-0.017714999616146088,0.9992409944534302,0,-0.9161409735679626,-0.40009400248527527,0.024720000103116035,0,0.3993529975414276,-0.9163029789924622,-0.030112000182271004,0,-5.225299835205078,11.903599739074707,-0.05130000039935112,1,0.9662759900093079,-0.25641101598739624,-0.023766010999679565,0,0.18463903665542603,0.625544011592865,0.7580260038375854,0,-0.179500013589859,-0.7368500232696533,0.6517919898033142,0,0,10.833399772644043,0,1,0.9945530295372009,-0.10380999743938446,-0.009321999736130238,0,0.10382799804210663,0.9945939779281616,0.0014860000228509307,0,0.00911800004541874,-0.0024449999909847975,0.9999549984931946,0,0,25.508899688720703,0,1,0.9966269731521606,0.0772729367017746,0.02763003297150135,0,-0.07545594125986099,0.9952419996261597,-0.06164700910449028,0,-0.032263029366731644,0.05935400351881981,0.9977149963378906,0,0,24.507200241088867,0,1,0.9858850240707397,-0.1673668622970581,-0.0043019577860832214,0,0.16634885966777802,0.9763389825820923,0.13816899061203003,0,-0.01892402023077011,-0.13693498075008392,0.9903990030288696,0,2.7197999954223633,2.723599910736084,1.186400055885315,1,0.9998109936714172,0.012159735895693302,0.015171906910836697,0,-0.01275173295289278,0.9991350173950195,0.039574988186359406,0,-0.014677917584776878,-0.03976098448038101,0.9991009831428528,0,0.5569000244140625,3.1737000942230225,0,1,0.9980790019035339,-0.061007075011730194,0.010799005627632141,0,0.06149907410144806,0.9966750144958496,-0.05344101041555405,0,-0.007503001019358635,0.05400200933218002,0.9985129833221436,0,-0.20649999380111694,3.249300003051758,0,1,0.9804869890213013,-0.19650200009346008,-0.00558000011369586,0,0.1965710073709488,0.9797459840774536,0.03818800300359726,0,-0.0020370001439005136,-0.03853900358080864,0.9992550015449524,0,3.283900022506714,9.167900085449219,0.012000000104308128,1,0.9997529983520508,0.022137997671961784,0.001995999598875642,0,-0.02213899791240692,0.9837089776992798,0.17840097844600677,0,0.0019859997555613518,-0.17840199172496796,0.983955979347229,0,-0.0013000000035390258,3.0429000854492188,0,1,0.999347984790802,0.035643987357616425,0.005747996270656586,0,-0.0356689877808094,0.9500830769538879,0.30995291471481323,0,0.005586996208876371,-0.3099559247493744,0.9507340788841248,0,0.0019000000320374966,2.8647000789642334,0,1,0.9813140034675598,-0.1919029951095581,-0.014034000225365162,0,0.19118599593639374,0.9642189741134644,0.1836549937725067,0,-0.02171199955046177,-0.18290600180625916,0.9828910231590271,0,0.9546999931335449,8.974800109863281,0.024900000542402267,1,0.9995610117912292,0.029339998960494995,0.004046999383717775,0,-0.02934199757874012,0.9623439908027649,0.2702459692955017,0,0.004033999517560005,-0.2702459692955017,0.9627829790115356,0,0.002400000113993883,3.1963999271392822,0,1,0.9996690154075623,0.024074992164969444,0.009059999138116837,0,-0.025519993156194687,0.9723740220069885,0.2320309281349182,0,-0.003223002888262272,-0.23218493163585663,0.9726660251617432,0,-0.0006000000284984708,3.1865999698638916,0,1,0.9827060103416443,-0.18030600249767303,-0.042181000113487244,0,0.18331299722194672,0.9150369763374329,0.3593110144138336,0,-0.02618899941444397,-0.3608289957046509,0.932263970375061,0,-1.1521999835968018,9.07759952545166,-0.23340000212192535,1,0.9994890093803406,0.03164900094270706,0.004470999352633953,0,-0.031647998839616776,0.9603099822998047,0.2771320044994354,0,0.00447799963876605,-0.2771320044994354,0.9608209729194641,0,0.0026000000070780516,2.8696000576019287,0,1,0.9996330142021179,0.02441399358212948,0.011720999144017696,0,-0.026326995342969894,0.9775130152702332,0.20922595262527466,0,-0.006349002011120319,-0.20945695042610168,0.9777969717979431,0,-0.0027000000700354576,2.6958999633789062,0,1,0.9792349934577942,-0.18882699310779572,-0.07378300279378891,0,0.19856500625610352,0.8199380040168762,0.5369110107421875,0,-0.04088599979877472,-0.5404120087623596,0.8404060006141663,0,-3.086400032043457,8.374699592590332,0.15379999577999115,1,0.9994829893112183,0.03178400173783302,0.0047900001518428326,0,-0.03178999945521355,0.9554529786109924,0.2934249937534332,0,0.004749000072479248,-0.2934260070323944,0.9559699892997742,0,0.0031999999191612005,2.5383999347686768,0,1,0.9997439980506897,0.02253899723291397,0.002034999430179596,0,-0.022506998851895332,0.9809160232543945,0.1931229829788208,0,0.0023569995537400246,-0.19311898946762085,0.9811720252037048,0,-0.0019000000320374966,2.1456000804901123,0,1,-0.9868370294570923,0.12589900195598602,0.1014999970793724,0,-0.11863499134778976,-0.990123987197876,0.07470099627971649,0,0.10990200191736221,0.06167599558830261,0.9920269846916199,0,8.899700164794922,-4.969699859619141,-0.7815999984741211,1,0.9945260286331177,0.0011139970738440752,-0.10448398441076279,0,-0.05504699423909187,0.8555170297622681,-0.5148400068283081,0,0.08881399035453796,0.5177729725837708,0.8508960008621216,0,0,42.8650016784668,0,1,0.8755429983139038,-0.018202997744083405,0.4827960133552551,0,-0.4610919952392578,0.26694199442863464,0.8462479710578918,0,-0.1442829966545105,-0.9635409712791443,0.22532600164413452,0,0,42.83760070800781,0,1,0.9939749836921692,-0.006678000558167696,0.10940299928188324,0,-0.06742999702692032,0.7496520280838013,0.6583880186080933,0,-0.0864109992980957,-0.6617980003356934,0.7446849942207336,0,0,15.807000160217285,0,1,-0.9529240131378174,0.24730199575424194,-0.17543300986289978,0,-0.27835801243782043,-0.9429230093955994,0.18279099464416504,0,-0.12021501362323761,0.22301900386810303,0.9673730134963989,0,-8.899700164794922,-4.969699859619141,-0.9538999795913696,1,0.9836170077323914,-0.10117600858211517,-0.14920300245285034,0,0.03737800568342209,0.924127995967865,-0.3802489936351776,0,0.1763550043106079,0.36844199895858765,0.9127699732780457,0,0,42.86309814453125,0,1,0.9761970043182373,0.1533460021018982,-0.15337398648262024,0,0.0339919850230217,0.5902550220489502,0.8065009713172913,0,0.21420298516750336,-0.7925170063972473,0.5709930062294006,0,0,42.83420181274414,0,1,0.9941610097885132,0.00469199987128377,-0.10780400037765503,0,0.06470199674367905,0.7736080288887024,0.6303520202636719,0,0.08635500073432922,-0.6336470246315002,0.7687870264053345,0,0,15.84119987487793,0,1
