8.467,30,254,65
B0,mixamorig2_Hips,-1,0.9847975969314575,-0.15657931566238403,-0.07521594315767288,0,0.1503828763961792,0.9852200746536255,-0.08200941979885101,0,0.08694502711296082,0.06945191323757172,0.99378901720047,0,-2.894702911376953,96.70719146728516,0.8317183256149292,1
B1,mixamorig2_Spine,0,0.9951521158218384,0.07089252024888992,-0.06817030161619186,0,-0.07021217793226242,0.9974560141563416,0.012325921095907688,0,0.06887076050043106,-0.007480020169168711,0.9975975155830383,0,0,8.951199531555176,-0.2865999937057495,1
B2,mixamorig2_Spine1,1,0.9980691075325012,-0.06175318360328674,-0.006692000199109316,0,0.061846185475587845,0.9979775547981262,0.014712686650454998,0,0.005770000163465738,-0.015098687261343002,0.9998689889907837,0,0,10.448399543762207,0,1
B3,mixamorig2_Spine2,2,0.9981030821800232,-0.06138574331998825,-0.004713557194918394,0,0.06145929917693138,0.9979575276374817,0.017402129247784615,0,0.003635557135567069,-0.017659129574894905,0.9998374581336975,0,0,11.940999984741211,0,1
B4,mixamorig2_Neck,3,0.9928597211837769,0.09348192065954208,0.0740961953997612,0,-0.10289659351110458,0.9854137897491455,0.13554364442825317,0,-0.060344770550727844,-0.14219963550567627,0.9879966378211975,0,0,13.433600425720215,0,1
B5,mixamorig2_Head,4,0.9667887091636658,0.17669624090194702,0.18465711176395416,0,-0.21895737946033478,0.9452916979789734,0.24182941019535065,0,-0.1318248212337494,-0.27423006296157837,0.9525861740112305,0,0,8.477299690246582,0.4431000053882599,1
B6,mixamorig2_HeadTop_End,5,1,0,0,0,0,1,0,0,0,0,1,0,0,21.306800842285156,1.1136000156402588,1
B7,mixamorig2_LeftShoulder,3,0.24221666157245636,0.0714356005191803,-0.9675888419151306,0,0.9638569355010986,-0.13176414370536804,0.23155494034290314,0,-0.11095195263624191,-0.9887038469314575,-0.10076887905597687,0,5.225299835205078,11.903499603271484,-0.04659999907016754,1
B8,mixamorig2_LeftArm,7,0.4300774931907654,0.2367168664932251,-0.8712050914764404,0,0.5849605202674866,0.6619678139686584,0.4686353802680969,0,0.687643826007843,-0.7111707925796509,0.14622768759727478,0,0,10.833399772644043,0,1
B9,mixamorig2_LeftForeArm,8,-0.06302983313798904,0.9977235794067383,0.023980772122740746,0,-0.9978935718536377,-0.06337383389472961,0.013869999907910824,0,0.015358099713921547,-0.023056000471115112,0.9996160268783569,0,0,25.510299682617188,0,1
B10,mixamorig2_LeftHand,9,0.8917040824890137,0.08692479133605957,-0.444194495677948,0,-0.3592231273651123,0.7329593300819397,-0.5776932835578918,0,0.2753606140613556,0.6746956706047058,0.684808075428009,0,0,24.506200790405273,0,1
B11,mixamorig2_LeftHandThumb1,10,0.317178875207901,0.8270326852798462,-0.46412765979766846,0,-0.6730971932411194,0.541075587272644,0.5041604042053223,0,0.6680852174758911,0.15249356627464294,0.7282905578613281,0,-2.9267001152038574,3.0195999145507812,1.2417999505996704,1
B12,mixamorig2_LeftHandThumb2,11,0.9478042721748352,0.2349899858236313,0.21551458537578583,0,-0.24092410504817963,0.9705429673194885,0.0013045871164649725,0,-0.20885969698429108,-0.05315909907221794,0.9764997959136963,0,-0.6902999877929688,3.439199924468994,0,1
B13,mixamorig2_LeftHandThumb3,12,0.839136004447937,0.5223489999771118,-0.1516679972410202,0,-0.5361070036888123,0.8413730263710022,-0.06841699779033661,0,0.09187199920415878,0.13872100412845612,0.9860609769821167,0,0.15240000188350677,3.0773000717163086,0,1
B14,mixamorig2_LeftHandThumb4,13,1,0,0,0,0,1,0,0,0,0,1,0,0.5378000140190125,2.210599899291992,0,1
B15,mixamorig2_LeftHandIndex1,10,0.949844479560852,0.30972641706466675,-0.043177492916584015,0,-0.31268417835235596,0.9427697658538818,-0.11581656336784363,0,0.004835343454033136,0.12350864708423615,0.9923319816589355,0,-3.337100028991699,9.136300086975098,0.1177000030875206,1
B16,mixamorig2_LeftHandIndex2,15,0.9985100030899048,-0.05414077267050743,-0.006840442772954702,0,0.05348677188158035,0.946087121963501,0.31946617364883423,0,-0.010823885910212994,-0.31935617327690125,0.9475731253623962,0,0.008999999612569809,3.075900077819824,0,1
B17,mixamorig2_LeftHandIndex3,16,0.9998679757118225,-0.016202999278903008,-0.0010939999483525753,0,0.016140000894665718,0.9840080142021179,0.17739200592041016,0,-0.0017979999538511038,-0.17738600075244904,0.9841399788856506,0,-0.004900000058114529,2.8001999855041504,0,1
B18,mixamorig2_LeftHandIndex4,17,1,0,0,0,0,1,0,0,0,0,1,0,-0.00419999985024333,2.44569993019104,0,1
B19,mixamorig2_LeftHandMiddle1,10,0.9828965067863464,0.18402644991874695,-0.006952009629458189,0,-0.18406277894973755,0.9829010963439941,-0.005091202910989523,0,0.005895671900361776,0.006283859722316265,0.999963104724884,0,-0.9397000074386597,9.032699584960938,-0.17170000076293945,1
B20,mixamorig2_LeftHandMiddle2,19,0.9967100024223328,-0.07893099635839462,-0.01839255727827549,0,0.07618200033903122,0.8350184559822083,0.5449225306510925,0,-0.027653442695736885,-0.544530987739563,0.8382850289344788,0,0.008700000122189522,3.3073999881744385,0,1
B21,mixamorig2_LeftHandMiddle3,20,0.9995980262756348,-0.0281360000371933,-0.0035250000655651093,0,0.028243442997336388,0.9768400192260742,0.21209999918937683,0,-0.0025239998940378428,-0.21211400628089905,0.9772419929504395,0,-0.004699999932199717,3.1054000854492188,0,1
B22,mixamorig2_LeftHandMiddle4,21,1,0,0,0,0,1,0,0,0,0,1,0,-0.0038999998942017555,2.734100103378296,0,1
B23,mixamorig2_LeftHandRing1,10,0.9999799728393555,0.005956000182777643,-0.0021536718122661114,0,-0.006014999933540821,0.9995836019515991,-0.02823485992848873,0,0.001984786009415984,0.028246860951185226,0.9995985627174377,0,1.11489999294281,9.02649974822998,-0.13850000500679016,1
B24,mixamorig2_LeftHandRing2,23,0.9961951971054077,-0.07980905473232269,-0.03500738367438316,0,0.0830768272280693,0.7482982873916626,0.6581396460533142,0,-0.026329169049859047,-0.65854412317276,0.752081036567688,0,0.005400000140070915,2.7511000633239746,0,1
B25,mixamorig2_LeftHandRing3,24,0.9993159770965576,-0.03547544404864311,-0.01044199988245964,0,0.03693399950861931,0.9433950185775757,0.3296090066432953,0,-0.0018420000560581684,-0.32976898550987244,0.9440600275993347,0,-0.0032999999821186066,2.789299964904785,0,1
B26,mixamorig2_LeftHandRing4,25,1,0,0,0,0,1,0,0,0,0,1,0,-0.002099999925121665,2.3826000690460205,0,1
B27,mixamorig2_LeftHandPinky1,10,0.984841525554657,-0.1733158826828003,0.007006124127656221,0,0.16603021323680878,0.953594982624054,0.25117722153663635,0,-0.05021411553025246,-0.24620656669139862,0.9679154753684998,0,3.161900043487549,8.505999565124512,0.05460000038146973,1
B28,mixamorig2_LeftHandPinky2,27,0.9941020011901855,-0.09851299971342087,-0.045357998460531235,0,0.09209500253200531,0.5459129810333252,0.8327649831771851,0,-0.057277001440525055,-0.8320299983024597,0.5517654418945312,0,0.002400000113993883,2.48009991645813,0,1
B29,mixamorig2_LeftHandPinky3,28,0.9984470009803772,-0.054875001311302185,-0.009587000124156475,0,0.054770998656749725,0.9356160163879395,0.3487449884414673,0,-0.010166999883949757,-0.3487280011177063,0.9371690154075623,0,-0.00139999995008111,2.079900026321411,0,1
B30,mixamorig2_LeftHandPinky4,29,1,0,0,0,0,1,0,0,0,0,1,0,-0.0010000000474974513,1.8425999879837036,0,1
B31,mixamorig2_RightShoulder,3,0.3210281729698181,-0.004000368062406778,0.9470611214637756,0,-0.8603469133377075,-0.41926342248916626,0.28986337780952454,0,0.3959084153175354,-0.9078553915023804,-0.13803711533546448,0,-5.225299835205078,11.903599739074707,-0.05130000039935112,1
B32,mixamorig2_RightArm,31,0.9929407238960266,-0.013597527518868446,-0.11782803386449814,0,0.09142564237117767,0.7206134796142578,0.6872822642326355,0,0.07556290179491043,-0.6932032108306885,0.7167697548866272,0,0,10.833399772644043,0,1
B33,mixamorig2_RightForeArm,32,-0.86220782995224,-0.5052813291549683,-0.03588811308145523,0,0.5053697824478149,-0.8628727793693542,0.0072308857925236225,0,-0.03462011367082596,-0.011902770958840847,0.9993299841880798,0,0,25.508899688720703,0,1
B34,mixamorig2_RightHand,33,0.9550029635429382,0.08436036109924316,-0.2843460440635681,0,0.07937557250261307,0.8510339856147766,0.5190760493278503,0,0.2857784330844879,-0.5182890295982361,0.806043803691864,0,0,24.507200241088867,0,1
B35,mixamorig2_RightHandThumb1,34,0.964002788066864,-0.26260149478912354,-0.04170048236846924,0,0.26409515738487244,0.9274404644966125,0.2647784948348999,0,-0.03085704706609249,-0.2662608325481415,0.9634073376655579,0,2.7197999954223633,2.723599910736084,1.186400055885315,1
B36,mixamorig2_RightHandThumb2,35,0.9983412623405457,-0.013336450792849064,0.05600132793188095,0,0.01577504724264145,0.998936116695404,-0.04333209618926048,0,-0.055363815277814865,0.044143591076135635,0.9974896311759949,0,0.5569000244140625,3.1737000942230225,0,1
B37,mixamorig2_RightHandThumb3,36,0.9625739455223083,0.03560701385140419,-0.2686691880226135,0,-0.01813759282231331,0.9975723624229431,0.06722836941480637,0,0.27041095495224,-0.05983935669064522,0.9608834385871887,0,-0.20649999380111694,3.249300003051758,0,1
B38,mixamorig2_RightHandThumb4,37,1,0,0,0,0,1,0,0,0,0,1,0,-0.35040000081062317,2.8046998977661133,0,1
B39,mixamorig2_RightHandIndex1,34,0.9998300075531006,-0.017769357189536095,0.0048937713727355,0,0.016281913965940475,0.9759668111801147,0.21730996668338776,0,-0.008637885563075542,-0.21719297766685486,0.9760903716087341,0,3.283900022506714,9.167900085449219,0.012000000104308128,1
B40,mixamorig2_RightHandIndex2,39,0.9899626970291138,0.11050297319889069,0.08810721337795258,0,-0.09864157438278198,0.09379265457391739,0.9906929135322571,0,0.10121054202318192,-0.9894395470619202,0.1037515178322792,0,-0.0013000000035390258,3.0429000854492188,0,1
B41,mixamorig2_RightHandIndex3,40,0.9999920129776001,0.0019249999895691872,-0.003527000080794096,0,-0.001025000005029142,0.9709460139274597,0.23929700255393982,0,0.0038850000128149986,-0.2392919957637787,0.9709399938583374,0,0.0019000000320374966,2.8647000789642334,0,1
B42,mixamorig2_RightHandIndex4,41,1,0,0,0,0,1,0,0,0,0,1,0,-0.000699999975040555,2.432300090789795,0,1
B43,mixamorig2_RightHandMiddle1,34,0.9959713220596313,0.07206028699874878,0.053368549793958664,0,-0.08817291259765625,0.6786419749259949,0.7291574478149414,0,0.01632511056959629,-0.7309253811836243,0.68226158618927,0,0.9546999931335449,8.974800109863281,0.024900000542402267,1
B44,mixamorig2_RightHandMiddle2,43,0.9936515688896179,0.09814059734344482,0.054997507482767105,0,-0.0875917449593544,0.368129700422287,0.9256393909454346,0,0.07059649378061295,-0.9245805144309998,0.374389111995697,0,0.002400000113993883,3.1963999271392822,0,1
B45,mixamorig2_RightHandMiddle3,44,0.9996470212936401,0.02635600045323372,0.0032790000550448895,0,-0.0262449998408556,0.961342990398407,0.2740989923477173,0,0.004071999806910753,-0.2740879952907562,0.9616960287094116,0,-0.0006000000284984708,3.1865999698638916,0,1
B46,mixamorig2_RightHandMiddle4,45,1,0,0,0,0,1,0,0,0,0,1,0,-0.0017999999690800905,2.7548999786376953,0,1
B47,mixamorig2_RightHandRing1,34,0.9908202290534973,0.10225970298051834,0.08842232078313828,0,-0.12927642464637756,0.5254196524620056,0.8409644365310669,0,0.039537981152534485,-0.8446758389472961,0.5338164567947388,0,-1.1521999835968018,9.07759952545166,-0.23340000212192535,1
B48,mixamorig2_RightHandRing2,47,0.9899778962135315,0.09355424344539642,0.1057877317070961,0,-0.10688698291778564,0.006802078802138567,0.9942474365234375,0,0.09229673445224762,-0.9955908060073853,0.016733720898628235,0,0.0026000000070780516,2.8696000576019287,0,1
B49,mixamorig2_RightHandRing3,48,0.9999960064888,0.0001505572145106271,-0.002836999949067831,0,0.0007239999831654131,0.9520900249481201,0.30581799149513245,0,0.0027469999622553587,-0.30581900477409363,0.9520859718322754,0,-0.0027000000700354576,2.6958999633789062,0,1
B50,mixamorig2_RightHandRing4,49,1,0,0,0,0,1,0,0,0,0,1,0,0.00009999999747378752,2.287400007247925,0,1
B51,mixamorig2_RightHandPinky1,34,0.9680584073066711,0.20391695201396942,0.14588068425655365,0,-0.19220826029777527,0.22996768355369568,0.9540283679962158,0,0.16099457442760468,-0.9515945911407471,0.2618168592453003,0,-3.086400032043457,8.374699592590332,0.15379999577999115,1
B52,mixamorig2_RightHandPinky2,51,0.9886320233345032,0.09539985656738281,0.11621534824371338,0,-0.0772334560751915,-0.34095266461372375,0.9369023442268372,0,0.1290043592453003,-0.9352269768714905,-0.32970812916755676,0,0.0031999999191612005,2.5383999347686768,0,1
B53,mixamorig2_RightHandPinky3,52,0.9999070167541504,0.0022279999684542418,-0.013425000011920929,0,0.002991999965161085,0.9263749718666077,0.3765909969806671,0,0.013275000266730785,-0.37659600377082825,0.9262819886207581,0,-0.0019000000320374966,2.1456000804901123,0,1
B54,mixamorig2_RightHandPinky4,53,1,0,0,0,0,1,0,0,0,0,1,0,-0.0013000000035390258,1.9493999481201172,0,1
B55,mixamorig2_LeftUpLeg,0,-0.8467480540275574,-0.3020971417427063,-0.43789926171302795,0,0.21300822496414185,-0.9467889666557312,0.2412838488817215,0,-0.4874889552593231,0.11103075742721558,0.8660407066345215,0,8.899700164794922,-4.969699859619141,-0.7815999984741211,1
B56,mixamorig2_LeftLeg,55,0.9947572350502014,-0.034253716468811035,-0.09636031836271286,0,-0.04399847611784935,0.7072288990020752,-0.7056143283843994,0,0.0923185870051384,0.7061545848846436,0.7020132541656494,0,0,42.8650016784668,0,1
B57,mixamorig2_LeftFoot,56,0.991947591304779,-0.11176587641239166,-0.059574298560619354,0,0.09634585678577423,0.3605814576148987,0.9277383089065552,0,-0.08220801502466202,-0.9260074496269226,0.36844590306282043,0,0,42.83760070800781,0,1
B58,mixamorig2_LeftToeBase,57,0.9934334754943848,-0.025100944563746452,0.11162188649177551,0,-0.08478516340255737,0.4935454726219177,0.8655775189399719,0,-0.07681774348020554,-0.8693575263023376,0.48817646503448486,0,0,15.807000160217285,0,1
B59,mixamorig2_LeftToe_End,58,1,0,0,0,0,1,0,0,0,0,1,0,0,6.435299873352051,0,1
B60,mixamorig2_RightUpLeg,0,-0.9626098871231079,-0.26911216974258423,-0.031005511060357094,0,0.26979729533195496,-0.9626988768577576,-0.020482858642935753,0,-0.024337157607078552,-0.02808230370283127,0.9993091225624084,0,-8.899700164794922,-4.969699859619141,-0.9538999795913696,1
B61,mixamorig2_RightLeg,60,0.9926363825798035,0.10904930531978607,-0.05273864418268204,0,-0.11860837787389755,0.963410496711731,-0.24035750329494476,0,0.024597806856036186,0.24484296143054962,0.9692502617835999,0,0,42.86309814453125,0,1
B62,mixamorig2_RightFoot,61,0.9506938457489014,-0.24844352900981903,-0.18562495708465576,0,0.25979453325271606,0.3110988140106201,0.914179801940918,0,-0.1693742275238037,-0.9173293709754944,0.360304057598114,0,0,42.83420181274414,0,1
B63,mixamorig2_RightToeBase,62,0.9942984580993652,0.0015328159788623452,-0.10662057250738144,0,0.06116848811507225,0.8108225464820862,0.5820866823196411,0,0.08734265714883804,-0.585290253162384,0.8061060309410095,0,0,15.84119987487793,0,1
B64,mixamorig2_RightToe_End,63,1,0,0,0,0,1,0,0,0,0,1,0,0,6.527900218963623,0,1
@52,0,1,2,3,4,5,7,8,9,10,11,12,13,15,16,17,19,20,21,23,24,25,27,28,29,31,32,33,34,35,36,37,39,40,41,43,44,45,47,48,49,51,52,53,55,56,57,58,60,61,62,63
K0.000,0.9955580234527588,-0.0904730036854744,-0.026047000661492348,0,0.09002300351858139,0.9957780241966248,-0.017954999580979347,0,0.027560999616980553,0.015530000440776348,0.9994990229606628,0,0.33740898966789246,97.7973403930664,0.8434240221977234,1,0.9985650181770325,0.0487929992377758,0.022088000550866127,0,-0.048569999635219574,0.9987639784812927,-0.010534999892115593,0,-0.02257400006055832,0.009446999989449978,0.9997010231018066,0,0,8.951199531555176,-0.2865999937057495,1,0.9946119785308838,0.10367000102996826,0.00004999999873689376,0,-0.10366199910640717,0.9945279955863953,0.012954999692738056,0,0.0012939999578520656,-0.012891000136733055,0.9999160170555115,0,0,10.448399543762207,0,1,0.9946960210800171,0.10246100276708603,-0.009026999585330486,0,-0.10233400017023087,0.9946579933166504,0.013566000387072563,0,0.010369000025093555,-0.012570000253617764,0.9998670220375061,0,0,11.940999984741211,0,1,0.9992730021476746,-0.03797899931669235,0.0034099998883903027,0,0.037758998572826385,0.9980149865150452,0.05040000006556511,0,-0.005317999981343746,-0.050234999507665634,0.9987229704856873,0,0,13.433600425720215,0,1,0.9992640018463135,-0.037769999355077744,0.006771000102162361,0,0.037641000002622604,0.9991239905357361,0.018285000696778297,0,-0.007455999962985516,-0.01801699958741665,0.999809980392456,0,0,8.477299690246582,0.4431000053882599,1,0.2266020029783249,0.060851000249385834,-0.9720849990844727,0,0.9065020084381104,-0.3782140016555786,0.18763799965381622,0,-0.3562380075454712,-0.9237160086631775,-0.1408649981021881,0,5.225299835205078,11.903499603271484,-0.04659999907016754,1,0.9927210211753845,-0.091498002409935,-0.07831799983978271,0,0.10741499811410904,0.3784880042076111,0.9193519949913025,0,-0.05447600036859512,-0.9210730195045471,0.3855609893798828,0,0,10.833399772644043,0,1,0.9680870175361633,0.2504270076751709,0.009649000130593777,0,-0.25047001242637634,0.9681180119514465,0.0034809999633580446,0,-0.008469000458717346,-0.005787000060081482,0.9999470114707947,0,0,25.510299682617188,0,1,0.8876439929008484,-0.1674640029668808,0.4290030002593994,0,0.06826300173997879,0.9690960049629211,0.23705099523067474,0,-0.45544201135635376,-0.1811320036649704,0.8716440200805664,0,0,24.506200790405273,0,1,0.8098949790000916,0.3950279951095581,-0.4336160123348236,0,-0.26512399315834045,0.905938982963562,0.3301270008087158,0,0.523239016532898,-0.1524060070514679,0.8384469747543335,0,-2.9267001152038574,3.0195999145507812,1.2417999505996704,1,0.9298809766769409,-0.2594729959964752,0.2607569992542267,0,0.24629199504852295,0.9656680226325989,0.08261600136756897,0,-0.2732419967651367,-0.012601000256836414,0.9618629813194275,0,-0.6902999877929688,3.439199924468994,0,1,0.9968069791793823,0.029316000640392303,0.07427500188350677,0,-0.029541000723838806,0.9995620250701904,0.001921999966725707,0,-0.07418599724769592,-0.004110000096261501,0.9972360134124756,0,0.15240000188350677,3.0773000717163086,0,1,0.9997159838676453,0.023459000512957573,-0.004131999798119068,0,-0.022818999364972115,0.9929370284080505,0.11642800271511078,0,0.0068350001238286495,-0.11630100011825562,0.9931910037994385,0,-3.337100028991699,9.136300086975098,0.1177000030875206,1,0.998308002948761,-0.05758100003004074,-0.00812700018286705,0,0.05677499994635582,0.9348739981651306,0.35041099786758423,0,-0.012578999623656273,-0.3502790033817291,0.9365609884262085,0,0.008999999612569809,3.075900077819824,0,1,0.9998700022697449,-0.016090000048279762,-0.0010760000441223383,0,0.01602800004184246,0.984188973903656,0.1763940006494522,0,-0.0017800000496208668,-0.1763879954814911,0.9843189716339111,0,-0.004900000058114529,2.8001999855041504,0,1,0.9986680150032043,-0.05005199834704399,-0.012520000338554382,0,0.05159199982881546,0.9666650295257568,0.250791996717453,0,-0.00044999999227002263,-0.2511039972305298,0.967960000038147,0,-0.9397000074386597,9.032699584960938,-0.17170000076293945,1,0.9966719746589661,-0.07935100048780441,-0.018665000796318054,0,0.076555997133255,0.832506000995636,0.5487020015716553,0,-0.028000999242067337,-0.5483049750328064,0.8358100056648254,0,0.008700000122189522,3.3073999881744385,0,1,0.9995980262756348,-0.028130000457167625,-0.003524000057950616,0,0.028238000348210335,0.9768499732017517,0.21205200254917145,0,-0.0025229998864233494,-0.21206599473953247,0.9772520065307617,0,-0.004699999932199717,3.1054000854492188,0,1,0.9937769770622253,-0.10437799990177155,-0.03890100121498108,0,0.11098899692296982,0.8981919884681702,0.4253610074520111,0,-0.009457999840378761,-0.427031010389328,0.904187023639679,0,1.11489999294281,9.02649974822998,-0.13850000500679016,1,0.9963750243186951,-0.07825300097465515,-0.03337499871850014,0,0.08135099709033966,0.7616170048713684,0.6429010033607483,0,-0.024890000000596046,-0.6432849764823914,0.7652220129966736,0,0.005400000140070915,2.7511000633239746,0,1,0.9993119835853577,-0.03557199984788895,-0.010486000217497349,0,0.03703799843788147,0.9430750012397766,0.33051198720932007,0,-0.0018680000212043524,-0.3306739926338196,0.9437429904937744,0,-0.0032999999821186066,2.789299964904785,0,1,0.9789140224456787,-0.18554000556468964,-0.08545300364494324,0,0.20125100016593933,0.8043100237846375,0.5590919852256775,0,-0.035002999007701874,-0.5645009875297546,0.8246899843215942,0,3.161900043487549,8.505999565124512,0.05460000038146973,1,0.9960929751396179,-0.08341299742460251,-0.02901099994778633,0,0.079134002327919,0.6971930265426636,0.7125020027160645,0,-0.03920599818229675,-0.7120140194892883,0.7010700106620789,0,0.002400000113993883,2.48009991645813,0,1,0.9984430074691772,-0.05494999885559082,-0.009619999676942825,0,0.05484500154852867,0.9353669881820679,0.34940099716186523,0,-0.010200999677181244,-0.34938400983810425,0.9369239807128906,0,-0.00139999995008111,2.079900026321411,0,1,0.04532599821686745,-0.07948199659585953,0.995805025100708,0,-0.9291689991950989,-0.3694320023059845,0.01280600018799305,0,0.36686500906944275,-0.9258520007133484,-0.090597003698349,0,-5.225299835205078,11.903599739074707,-0.05130000039935112,1,0.9999549984931946,-0.00612299982458353,0.007249999791383743,0,-0.0018420000560581684,0.6242679953575134,0.7812079787254333,0,-0.009309000335633755,-0.7811869978904724,0.6242280006408691,0,0,10.833399772644043,0,1,0.9524409770965576,-0.30456000566482544,-0.009925000369548798,0,0.30461400747299194,0.9524660110473633,0.004358000122010708,0,0.008125999942421913,-0.007174000144004822,0.9999409914016724,0,0,25.508899688720703,0,1,0.9554240107536316,0.25943800806999207,-0.14091700315475464,0,-0.22654500603675842,0.9502969980239868,0.21357199549674988,0,0.18932099640369415,-0.17212800681591034,0.9667109847068787,0,0,24.507200241088867,0,1,0.7900599837303162,-0.434237003326416,0.4327160120010376,0,0.29535600543022156,0.8881679773330688,0.35202500224113464,0,-0.5371869802474976,-0.1503159999847412,0.8299610018730164,0,2.7197999954223633,2.723599910736084,1.186400055885315,1,0.9283419847488403,0.2696239948272705,-0.25589901208877563,0,-0.2531149983406067,0.9626569747924805,0.09604699909687042,0,0.27223899960517883,-0.024392999708652496,0.9619200229644775,0,0.5569000244140625,3.1737000942230225,0,1,0.9956340193748474,0.08064500242471695,-0.04701000079512596,0,-0.07930000126361847,0.9964050054550171,0.02979999966919422,0,0.049244001507759094,-0.0259419996291399,0.998449981212616,0,-0.20649999380111694,3.249300003051758,0,1,0.9996709823608398,-0.025394000113010406,0.0035470000002533197,0,0.024653000757098198,0.989952027797699,0.13923600316047668,0,-0.007046999875456095,-0.1391029953956604,0.9902529716491699,0,3.283900022506714,9.167900085449219,0.012000000104308128,1,0.9987769722938538,0.04898399859666824,0.00672700023278594,0,-0.048225000500679016,0.9350770115852356,0.35114699602127075,0,0.01090999972075224,-0.3510420024394989,0.9362959861755371,0,-0.0013000000035390258,3.0429000854492188,0,1,0.9999920129776001,0.0019249999895691872,-0.003527000080794096,0,-0.001025000005029142,0.9709460139274597,0.23929700255393982,0,0.0038850000128149986,-0.2392919957637787,0.9709399938583374,0,0.0019000000320374966,2.8647000789642334,0,1,0.9987919926643372,0.04507099837064743,0.01955699920654297,0,-0.0487079992890358,0.9604970216751099,0.2739959955215454,0,-0.006434999871999025,-0.274617999792099,0.9615319967269897,0,0.9546999931335449,8.974800109863281,0.024900000542402267,1,0.99788898229599,0.06335599720478058,0.014248000457882881,0,-0.06073400005698204,0.832876980304718,0.5501160025596619,0,0.022987000644207,-0.5498200058937073,0.8349670171737671,0,0.002400000113993883,3.1963999271392822,0,1,0.9996470212936401,0.026355000212788582,0.0032790000550448895,0,-0.02624399960041046,0.9613450169563293,0.2740919888019562,0,0.004071999806910753,-0.2740820050239563,0.9616979956626892,0,-0.0006000000284984708,3.1865999698638916,0,1,0.9944139719009399,0.09797199815511703,0.039278000593185425,0,-0.10516899824142456,0.8879740238189697,0.44770801067352295,0,0.008984999731183052,-0.44933798909187317,0.8933169841766357,0,-1.1521999835968018,9.07759952545166,-0.23340000212192535,1,0.9974309802055359,0.06553100049495697,0.028936000540852547,0,-0.06874299794435501,0.7619950175285339,0.6439239978790283,0,0.02014799974858761,-0.644258975982666,0.7645419836044312,0,0.0026000000070780516,2.8696000576019287,0,1,0.9999960064888,0.00016399999731220305,-0.0028359999414533377,0,0.0007110000005923212,0.9520480036735535,0.3059459924697876,0,0.002749999985098839,-0.3059470057487488,0.9520450234413147,0,-0.0027000000700354576,2.6958999633789062,0,1,0.9808869957923889,0.17038199305534363,0.0939669981598854,0,-0.19302000105381012,0.7910979986190796,0.5804380178451538,0,0.02455900050699711,-0.5874819755554199,0.8088650107383728,0,-3.086400032043457,8.374699592590332,0.15379999577999115,1,0.9976699948310852,0.064751997590065,0.021463999524712563,0,-0.06063000112771988,0.6974599957466125,0.7140539884567261,0,0.031266000121831894,-0.7136920094490051,0.6997619867324829,0,0.0031999999191612005,2.5383999347686768,0,1,0.9999070167541504,0.0022269999608397484,-0.013425000011920929,0,0.0029929999727755785,0.9263749718666077,0.3765909969806671,0,0.013275000266730785,-0.37659600377082825,0.9262819886207581,0,-0.0019000000320374966,2.1456000804901123,0,1,-0.9430890083312988,-0.2045930027961731,0.2621549963951111,0,0.2769300043582916,-0.9196360111236572,0.2785319983959198,0,0.18410100042819977,0.3352789878845215,0.9239559769630432,0,8.899700164794922,-4.969699859619141,-0.7815999984741211,1,0.9860290288925171,0.08853299915790558,0.1410979926586151,0,-0.014214999973773956,0.8886950016021729,-0.45827800035476685,0,-0.1659650057554245,0.4498699903488159,0.8775380253791809,0,0,42.8650016784668,0,1,0.9948179721832275,-0.09478099644184113,0.03679100051522255,0,0.00955899991095066,0.4474549889564514,0.8942559957504272,0,-0.10121999680995941,-0.889270007610321,0.446042001247406,0,0,42.83760070800781,0,1,0.9942430257797241,-0.00040099999750964344,0.10714799910783768,0,-0.06058000028133392,0.8227159976959229,0.5652160048484802,0,-0.08837900310754776,-0.5684530138969421,0.8179550170898438,0,0,15.807000160217285,0,1,-0.9809539914131165,-0.17725999653339386,-0.07941900193691254,0,0.1745540052652359,-0.9838399887084961,0.03986100107431412,0,-0.08520200103521347,0.025239000096917152,0.9960439801216125,0,-8.899700164794922,-4.969699859619141,-0.9538999795913696,1,0.9938520193099976,0.051628999412059784,-0.09793700277805328,0,-0.07619199901819229,0.9607610106468201,-0.26670798659324646,0,0.08032400161027908,0.2725299894809723,0.9587879776954651,0,0,42.86309814453125,0,1,0.9788740277290344,-0.2033649981021881,-0.021170999854803085,0,0.08696900308132172,0.32041698694229126,0.9432759881019592,0,-0.1850460022687912,-0.9251890182495117,0.3313339948654175,0,0,42.83420181274414,0,1,0.9943469762802124,0.0004839999892283231,-0.10617800056934357,0,0.05996299907565117,0.822704017162323,0.5652989745140076,0,0.08762700110673904,-0.5684700012207031,0.8180239796638489,0,0,15.84119987487793,0,1
K0.033,0.9956139922142029,-0.08968497812747955,-0.02661701664328575,0,0.08921897411346436,0.9958450198173523,-0.01823800802230835,0,0.028142016381025314,0.015783008188009262,0.9994789958000183,0,0.3625307083129883,97.79656982421875,0.83837890625,1,0.9985719919204712,0.048757001757621765,0.021822992712259293,0,-0.04853999987244606,0.9987679719924927,-0.01034899428486824,0,-0.022300992161035538,0.00927499495446682,0.9997079968452454,0,0,8.951199531555176,-0.2865999937057495,1,0.9946370124816895,0.10342799127101898,-0.000021002060748287477,0,-0.1034189909696579,0.9945530295372009,0.012997000478208065,0,0.0013650021282956004,-0.012925000861287117,0.9999160170555115,0,0,10.448399543762207,0,1,0.9947199821472168,0.10222199559211731,-0.009076002053916454,0,-0.10209399461746216,0.9946820139884949,0.013605001382529736,0,0.010419001802802086,-0.012606000527739525,0.9998660087585449,0,0,11.940999984741211,0,1,0.9992719888687134,-0.03798399865627289,0.0034900023601949215,0,0.037758998572826385,0.9980040192604065,0.05061400681734085,0,-0.005405002739280462,-0.050445009022951126,0.9987120032310486,0,0,13.433600425720215,0,1,0.9992629885673523,-0.03776700049638748,0.006848002318292856,0,0.03763499855995178,0.9991199970245361,0.01849900558590889,0,-0.007541002705693245,-0.01822800561785698,0.9998049736022949,0,0,8.477299690246582,0.4431000053882599,1,0.2270050197839737,0.060777995735406876,-0.9719949960708618,0,0.9065499901771545,-0.3778739869594574,0.18809302151203156,0,-0.35585901141166687,-0.9238600134849548,-0.14087699353694916,0,5.225299835205078,11.903499603271484,-0.04659999907016754,1,0.9932420253753662,-0.08920793235301971,-0.07424488663673401,0,0.1028558760881424,0.3802070617675781,0.9191650152206421,0,-0.05376797914505005,-0.920589029788971,0.38681304454803467,0,0,10.833399772644043,0,1,0.9683380126953125,0.2494569718837738,0.009645000100135803,0,-0.24949896335601807,0.9683690071105957,0.003467999631538987,0,-0.008475000038743019,-0.0057649994269013405,0.9999470114707947,0,0,25.510299682617188,0,1,0.8898190855979919,-0.16835202276706696,0.4241228401660919,0,0.06970303505659103,0.9686930179595947,0.23827703297138214,0,-0.45095887780189514,-0.18246103823184967,0.8736950755119324,0,0,24.506200790405273,0,1,0.8095669746398926,0.39607304334640503,-0.4332750141620636,0,-0.2659910321235657,0.9054669737815857,0.33072301745414734,0,0.5233070254325867,-0.15249499678611755,0.8383880257606506,0,-2.9267001152038574,3.0195999145507812,1.2417999505996704,1,0.929440975189209,-0.2609720230102539,0.26083099842071533,0,0.24776604771614075,0.9652659893035889,0.0829010084271431,0,-0.2734059989452362,-0.01242599543184042,0.9618189930915833,0,-0.6902999877929688,3.439199924468994,0,1,0.9968129992485046,0.028945988044142723,0.07433400303125381,0,-0.02912098914384842,0.9995750188827515,0.0012719816295430064,0,-0.07426600158214569,-0.003431980963796377,0.997232973575592,0,0.15240000188350677,3.0773000717163086,0,1,0.9997249841690063,0.02302698604762554,-0.00436500646173954,0,-0.02233898639678955,0.9925550222396851,0.11973409354686737,0,0.007090006954967976,-0.11960409581661224,0.992796003818512,0,-3.337100028991699,9.136300086975098,0.1177000030875206,1,0.9982830286026001,-0.057988010346889496,-0.00828800443559885,0,0.05716301128268242,0.9334689378738403,0.354074090719223,0,-0.012796006165444851,-0.35394009947776794,0.9351809620857239,0,0.008999999612569809,3.075900077819824,0,1,0.9998689889907837,-0.016154002398252487,-0.0010860002366825938,0,0.01609100215137005,0.9840869903564453,0.17695701122283936,0,-0.0017900003585964441,-0.17695102095603943,0.9842180013656616,0,-0.004900000058114529,2.8001999855041504,0,1,0.9986460208892822,-0.050438012927770615,-0.012718006037175655,0,0.05201401188969612,0.965802013874054,0.25401008129119873,0,-0.0005290023400448263,-0.2543281018733978,0.9671180248260498,0,-0.9397000074386597,9.032699584960938,-0.17170000076293945,1,0.9966390132904053,-0.07971201092004776,-0.0189020074903965,0,0.07687800377607346,0.8303179144859314,0.55196213722229,0,-0.028303008526563644,-0.55156010389328,0.8336549401283264,0,0.008700000122189522,3.3073999881744385,0,1,0.9995959997177124,-0.028192002326250076,-0.0035400004126131535,0,0.028300002217292786,0.9767270088195801,0.21261101961135864,0,-0.0025360004510730505,-0.21262501180171967,0.9771310091018677,0,-0.004699999932199717,3.1054000854492188,0,1,0.993736982345581,-0.10462100803852081,-0.03926800936460495,0,0.11133401095867157,0.8967149257659912,0.42837709188461304,0,-0.009605004452168941,-0.4300660789012909,0.9027469158172607,0,1.11489999294281,9.02649974822998,-0.13850000500679016,1,0.9963399767875671,-0.07855800539255142,-0.03368900716304779,0,0.08168800920248032,0.7590539455413818,0.6458830833435059,0,-0.025167006999254227,-0.6462710499763489,0.762692928314209,0,0.005400000140070915,2.7511000633239746,0,1,0.9993100166320801,-0.0356299988925457,-0.0105130011215806,0,0.03710100054740906,0.9428830146789551,0.3310520350933075,0,-0.0018830004846677184,-0.3312130272388458,0.9435539841651917,0,-0.0032999999821186066,2.789299964904785,0,1,0.9788550138473511,-0.18577100336551666,-0.08563000708818436,0,0.20142099261283875,0.8023319244384766,0.5618650317192078,0,-0.03567501902580261,-0.567232072353363,0.822784960269928,0,3.161900043487549,8.505999565124512,0.05460000038146973,1,0.996055006980896,-0.08375300467014313,-0.029315009713172913,0,0.07943400740623474,0.6943389177322388,0.7152500748634338,0,-0.03955001011490822,-0.7147570848464966,0.6982529163360596,0,0.002400000113993883,2.48009991645813,0,1,0.9984390139579773,-0.05500999838113785,-0.009647000581026077,0,0.0549050010740757,0.9351630210876465,0.34993603825569153,0,-0.010228000581264496,-0.34991902112960815,0.9367240071296692,0,-0.00139999995008111,2.079900026321411,0,1,0.04572201147675514,-0.07941599935293198,0.9957919716835022,0,-0.9291890263557434,-0.3693700134754181,0.01320601161569357,0,0.3667669892311096,-0.9258829951286316,-0.09068000316619873,0,-5.225299835205078,11.903599739074707,-0.05130000039935112,1,0.9999679923057556,-0.0032309184316545725,0.007253000047057867,0,-0.0036410510074347258,0.6251199841499329,0.7805200219154358,0,-0.007055936846882105,-0.7805219888687134,0.6250879764556885,0,0,10.833399772644043,0,1,0.9525560140609741,-0.30420199036598206,-0.009922999888658524,0,0.30425500869750977,0.952580988407135,0.004352999851107597,0,0.008128000423312187,-0.007166000083088875,0.9999409914016724,0,0,25.508899688720703,0,1,0.9551519751548767,0.26204806566238403,-0.13789790868759155,0,-0.2295730859041214,0.9494500160217285,0.21410702168941498,0,0.18703293800354004,-0.17284701764583588,0.967028021812439,0,0,24.507200241088867,0,1,0.7902039885520935,-0.4341599941253662,0.4325299859046936,0,0.29533401131629944,0.8881919980049133,0.3519839942455292,0,-0.5369870066642761,-0.15039800107479095,0.8300750255584717,0,2.7197999954223633,2.723599910736084,1.186400055885315,1,0.928417980670929,0.26948800683021545,-0.25576499104499817,0,-0.25299400091171265,0.9626950025558472,0.09598600119352341,0,0.27208998799324036,-0.024407999590039253,0.9619619846343994,0,0.5569000244140625,3.1737000942230225,0,1,0.9956309795379639,0.08061599731445312,-0.04711400344967842,0,-0.07926800101995468,0.9964069724082947,0.029815999791026115,0,0.049348004162311554,-0.025950999930500984,0.9984440207481384,0,-0.20649999380111694,3.249300003051758,0,1,0.9996709823608398,-0.02538999915122986,0.0035470000002533197,0,0.02464899979531765,0.9899470210075378,0.13927100598812103,0,-0.007048000115901232,-0.13913799822330475,0.9902480244636536,0,3.283900022506714,9.167900085449219,0.012000000104308128,1,0.9987750053405762,0.04902900010347366,0.006745000369846821,0,-0.04826800152659416,0.9349009990692139,0.35161200165748596,0,0.010934000834822655,-0.35150599479675293,0.9361220002174377,0,-0.0013000000035390258,3.0429000854492188,0,1,0.9999920129776001,0.0019249999895691872,-0.003527000080794096,0,-0.001025000005029142,0.9709460139274597,0.23929700255393982,0,0.0038850000128149986,-0.2392919957637787,0.9709399938583374,0,0.0019000000320374966,2.8647000789642334,0,1,0.998790979385376,0.0450889989733696,0.0195700004696846,0,-0.04873000085353851,0.9604290127754211,0.2742280066013336,0,-0.006430999841541052,-0.2748500108718872,0.9614650011062622,0,0.9546999931335449,8.974800109863281,0.024900000542402267,1,0.9978880286216736,0.0633770003914833,0.014260999858379364,0,-0.06075200065970421,0.832726001739502,0.5503420233726501,0,0.023003999143838882,-0.5500460267066956,0.8348180055618286,0,0.002400000113993883,3.1963999271392822,0,1,0.9996470212936401,0.026355000212788582,0.0032790000550448895,0,-0.02624399960041046,0.9613450169563293,0.2740919888019562,0,0.004071999806910753,-0.2740820050239563,0.9616979956626892,0,-0.0006000000284984708,3.1865999698638916,0,1,0.9944120049476624,0.0979819968342781,0.039301998913288116,0,-0.10518699884414673,0.8878629803657532,0.4479230046272278,0,0.008992999792098999,-0.4495539963245392,0.8932080268859863,0,-1.1521999835968018,9.07759952545166,-0.23340000212192535,1,0.9974279999732971,0.06555800139904022,0.02896299958229065,0,-0.06877300143241882,0.7617459893226624,0.644216001033783,0,0.020170999690890312,-0.6445509791374207,0.7642949819564819,0,0.0026000000070780516,2.8696000576019287,0,1,0.9999960064888,0.00016399999731220305,-0.0028359999414533377,0,0.0007110000005923212,0.9520490169525146,0.3059459924697876,0,0.002749999985098839,-0.3059470057487488,0.9520450234413147,0,-0.0027000000700354576,2.6958999633789062,0,1,0.9808819890022278,0.17040500044822693,0.09398400038480759,0,-0.19303999841213226,0.7909129858016968,0.5806829929351807,0,0.024618001654744148,-0.587723970413208,0.8086869716644287,0,-3.086400032043457,8.374699592590332,0.15379999577999115,1,0.9976680278778076,0.06478799879550934,0.021493999287486076,0,-0.06066099926829338,0.6971009969711304,0.7144020199775696,0,0.031300999224185944,-0.7140399813652039,0.6994050145149231,0,0.0031999999191612005,2.5383999347686768,0,1,0.9999070167541504,0.0022279999684542418,-0.013425000011920929,0,0.002991999965161085,0.9263749718666077,0.3765909969806671,0,0.013275000266730785,-0.37659698724746704,0.9262819886207581,0,-0.0019000000320374966,2.1456000804901123,0,1,-0.9434199929237366,-0.20337197184562683,0.2619119882583618,0,0.2756419777870178,-0.9200400114059448,0.27847298979759216,0,0.18433499336242676,0.3349109888076782,0.9240429997444153,0,8.899700164794922,-4.969699859619141,-0.7815999984741211,1,0.9860749840736389,0.0886320024728775,0.14071398973464966,0,-0.014502008445560932,0.888746976852417,-0.45816901326179504,0,-0.16566698253154755,0.4497480094432831,0.8776559829711914,0,0,42.8650016784668,0,1,0.9948449730873108,-0.09446099400520325,0.03687800467014313,0,0.009358994662761688,0.44764599204063416,0.8941619992256165,0,-0.10097198933362961,-0.8892070055007935,0.4462229907512665,0,0,42.83760070800781,0,1,0.9942430257797241,-0.00041000026976689696,0.10715100169181824,0,-0.060589998960494995,0.8226169943809509,0.5653579831123352,0,-0.08837699890136719,-0.5685960054397583,0.8178560137748718,0,0,15.807000160217285,0,1,-0.9811559915542603,-0.17626596987247467,-0.07913999259471893,0,0.1734999716281891,-0.9839959740638733,0.04061202332377434,0,-0.08503199368715286,0.026115024462342262,0.9960359930992126,0,-8.899700164794922,-4.969699859619141,-0.9538999795913696,1,0.9938549995422363,0.051382992416620255,-0.0980369970202446,0,-0.07614099979400635,0.9602349996566772,-0.26860904693603516,0,0.08033599704504013,0.2744240462779999,0.9582470059394836,0,0,42.86309814453125,0,1,0.9789639711380005,-0.2028459906578064,-0.021982021629810333,0,0.08739001303911209,0.3195059597492218,0.9435459971427917,0,-0.1843709796667099,-0.9256179928779602,0.3305119574069977,0,0,42.83420181274414,0,1,0.9943469762802124,0.00047499974607490003,-0.10617399960756302,0,0.0599530003964901,0.8228039741516113,0.5651540160179138,0,0.08762899786233902,-0.5683249831199646,0.818123996257782,0,0,15.84119987487793,0,1
