<?xml version="1.0" encoding="utf-8"?>
<COLLADA xmlns="http://www.collada.org/2005/11/COLLADASchema" version="1.4.1">
  <asset>
    <contributor>
      <author>Mixamo</author>
      <authoring_tool>COLLADA Mixamo exporter</authoring_tool>
      <comments/>
    </contributor>
    <created>2023-03-17T22:29:28Z</created>
    <modified>2023-03-17T22:29:28Z</modified>
    <revision/>
    <title/>
    <unit meter="0.010000"/>
    <up_axis>Y_UP</up_axis>
  </asset>
  <library_animations>
    <animation id="mixamorig2_Hips-anim" name="mixamorig2_Hips">
      <source id="mixamorig2_Hips-Matrix-animation-input">
        <float_array id="mixamorig2_Hips-Matrix-animation-input-array" count="255">

0.000000 0.033333 0.066667 0.100000 0.133333 0.166667 0.200000 0.233333 0.266667 0.300000 0.333333 0.366667 0.400000 0.433333 0.466667 0.500000
0.533333 0.566667 0.600000 0.633333 0.666667 0.700000 0.733333 0.766667 0.800000 0.833333 0.866667 0.900000 0.933333 0.966667 1.000000 1.033333
1.066667 1.100000 1.133333 1.166667 1.200000 1.233333 1.266667 1.300000 1.333333 1.366667 1.400000 1.433333 1.466667 1.500000 1.533333 1.566667
1.600000 1.633333 1.666667 1.700000 1.733333 1.766667 1.800000 1.833333 1.866667 1.900000 1.933333 1.966667 2.000000 2.033333 2.066667 2.100000
2.133333 2.166667 2.200000 2.233333 2.266667 2.300000 2.333333 2.366667 2.400000 2.433333 2.466667 2.500000 2.533333 2.566667 2.600000 2.633333
2.666667 2.700000 2.733333 2.766667 2.800000 2.833333 2.866667 2.900000 2.933333 2.966667 3.000000 3.033333 3.066667 3.100000 3.133333 3.166667
3.200000 3.233333 3.266667 3.300000 3.333333 3.366667 3.400000 3.433333 3.466667 3.500000 3.533333 3.566667 3.600000 3.633333 3.666667 3.700000
3.733333 3.766667 3.800000 3.833333 3.866667 3.900000 3.933333 3.966667 4.000000 4.033333 4.066667 4.100000 4.133333 4.166667 4.200000 4.233333
4.266667 4.300000 4.333333 4.366667 4.400000 4.433333 4.466667 4.500000 4.533333 4.566667 4.600000 4.633333 4.666667 4.700000 4.733333 4.766667
4.800000 4.833333 4.866667 4.900000 4.933333 4.966667 5.000000 5.033333 5.066667 5.100000 5.133333 5.166667 5.200000 5.233333 5.266667 5.300000
5.333333 5.366667 5.400000 5.433333 5.466667 5.500000 5.533333 5.566667 5.600000 5.633333 5.666667 5.700000 5.733333 5.766667 5.800000 5.833333
5.866667 5.900000 5.933333 5.966667 6.000000 6.033333 6.066667 6.100000 6.133333 6.166667 6.200000 6.233333 6.266667 6.300000 6.333333 6.366667
6.400000 6.433333 6.466667 6.500000 6.533333 6.566667 6.600000 6.633333 6.666667 6.700000 6.733333 6.766667 6.800000 6.833333 6.866667 6.900000
6.933333 6.966667 7.000000 7.033333 7.066667 7.100000 7.133333 7.166667 7.200000 7.233333 7.266667 7.300000 7.333333 7.366667 7.400000 7.433333
7.466667 7.500000 7.533333 7.566667 7.600000 7.633333 7.666667 7.700000 7.733333 7.766667 7.800000 7.833333 7.866667 7.900000 7.933333 7.966667
8.000000 8.033333 8.066667 8.100000 8.133333 8.166667 8.200000 8.233333 8.266667 8.300000 8.333333 8.366667 8.400000 8.433333 8.466667</float_array>
        <technique_common>
          <accessor source="#mixamorig2_Hips-Matrix-animation-input-array" count="255">
            <param name="TIME" type="float"/>
          </accessor>
        </technique_common>
      </source>
      <source id="mixamorig2_Hips-Matrix-animation-output-transform">
        <float_array id="mixamorig2_Hips-Matrix-animation-output-transform-array" count="4080">

0.995558 0.090023 0.027561 0.337409 -0.090473 0.995778 0.015530 97.797340 -0.026047 -0.017955 0.999499 0.843424 0.000000 0.000000 0.000000 1.000000
0.995614 0.089219 0.028142 0.362530 -0.089685 0.995845 0.015783 97.796570 -0.026617 -0.018238 0.999479 0.838379 0.000000 0.000000 0.000000 1.000000
0.995767 0.086938 0.029848 0.434516 -0.087455 0.996032 0.016500 97.794464 -0.028295 -0.019041 0.999418 0.824122 0.000000 0.000000 0.000000 1.000000
0.995984 0.083377 0.032624 0.548248 -0.083982 0.996312 0.017617 97.791481 -0.031035 -0.020286 0.999312 0.801993 0.000000 0.000000 0.000000 1.000000
0.996230 0.078732 0.036416 0.698640 -0.079463 0.996655 0.019071 97.788033 -0.034792 -0.021893 0.999155 0.773329 0.000000 0.000000 0.000000 1.000000
0.996467 0.073197 0.041168 0.880572 -0.074098 0.997034 0.020799 97.784546 -0.039523 -0.023776 0.998936 0.739479 0.000000 0.000000 0.000000 1.000000
0.996656 0.066966 0.046825 1.088957 -0.068086 0.997420 0.022736 97.781464 -0.045181 -0.025848 0.998644 0.701790 0.000000 0.000000 0.000000 1.000000
0.996758 0.060237 0.053332 1.318695 -0.061627 0.997791 0.024819 97.779228 -0.051719 -0.028025 0.998268 0.661608 0.000000 0.000000 0.000000 1.000000
0.996741 0.053206 0.060633 1.564690 -0.054922 0.998126 0.026984 97.778267 -0.059084 -0.030226 0.997795 0.620271 0.000000 0.000000 0.000000 1.000000
0.996575 0.046077 0.068673 1.821872 -0.048172 0.998413 0.029169 97.779121 -0.067220 -0.032377 0.997213 0.579108 0.000000 0.000000 0.000000 1.000000
0.996235 0.039052 0.077397 2.085162 -0.041579 0.998645 0.031309 97.782242 -0.076069 -0.034409 0.996509 0.539432 0.000000 0.000000 0.000000 1.000000
0.995705 0.032341 0.086747 2.349502 -0.035347 0.998819 0.033340 97.788139 -0.085567 -0.036263 0.995672 0.502543 0.000000 0.000000 0.000000 1.000000
0.994973 0.026153 0.096670 2.609831 -0.029678 0.998940 0.035200 97.797363 -0.095647 -0.037892 0.994694 0.469721 0.000000 0.000000 0.000000 1.000000
0.993588 0.019857 0.111300 2.933994 -0.024118 0.999022 0.037067 97.819778 -0.110455 -0.039514 0.993095 0.439678 0.000000 0.000000 0.000000 1.000000
0.991867 0.013549 0.126559 3.272827 -0.018617 0.999068 0.038951 97.846802 -0.125913 -0.040991 0.991194 0.410789 0.000000 0.000000 0.000000 1.000000
0.989846 0.007240 0.141958 3.624260 -0.013167 0.999078 0.040856 97.878281 -0.141531 -0.042311 0.989029 0.383051 0.000000 0.000000 0.000000 1.000000
0.987588 0.000937 0.157061 3.985809 -0.007752 0.999054 0.042782 97.913750 -0.156873 -0.043469 0.986662 0.356273 0.000000 0.000000 0.000000 1.000000
0.985162 -0.005320 0.171542 4.355118 -0.002393 0.998996 0.044725 97.952988 -0.171608 -0.044472 0.984161 0.330699 0.000000 0.000000 0.000000 1.000000
0.982631 -0.011457 0.185214 4.729720 0.002848 0.998906 0.046679 97.996872 -0.185546 -0.045340 0.981589 0.306248 0.000000 0.000000 0.000000 1.000000
0.980044 -0.017438 0.198016 5.107158 0.007945 0.998785 0.048636 98.044403 -0.198623 -0.046092 0.978991 0.282777 0.000000 0.000000 0.000000 1.000000
0.977430 -0.023192 0.209984 5.485458 0.012826 0.998637 0.050593 98.095703 -0.210871 -0.046758 0.976395 0.260198 0.000000 0.000000 0.000000 1.000000
0.974807 -0.028669 0.221202 5.862633 0.017441 0.998466 0.052547 98.149582 -0.222369 -0.047365 0.973811 0.238330 0.000000 0.000000 0.000000 1.000000
0.972188 -0.033791 0.231753 6.237002 0.021707 0.998278 0.054496 98.203758 -0.233195 -0.047949 0.971247 0.217101 0.000000 0.000000 0.000000 1.000000
0.969588 -0.038572 0.241683 6.606397 0.025637 0.998077 0.056440 98.258156 -0.243395 -0.048527 0.968712 0.196267 0.000000 0.000000 0.000000 1.000000
0.967036 -0.043022 0.250977 6.968866 0.029243 0.997866 0.058376 98.312164 -0.252953 -0.049113 0.966231 0.175672 0.000000 0.000000 0.000000 1.000000
0.964574 -0.047167 0.259560 7.322617 0.032558 0.997649 0.060301 98.365051 -0.261794 -0.049714 0.963842 0.155218 0.000000 0.000000 0.000000 1.000000
0.962258 -0.051030 0.267313 7.666092 0.035614 0.997428 0.062208 98.416405 -0.269800 -0.050340 0.961600 0.134887 0.000000 0.000000 0.000000 1.000000
0.960147 -0.054634 0.274103 7.997933 0.038447 0.997203 0.064087 98.466164 -0.276838 -0.050995 0.959563 0.114679 0.000000 0.000000 0.000000 1.000000
0.958302 -0.057988 0.279813 8.316827 0.041079 0.996979 0.065926 98.514214 -0.282790 -0.051683 0.957788 0.094600 0.000000 0.000000 0.000000 1.000000
0.956767 -0.061072 0.284371 8.621467 0.043501 0.996756 0.067706 98.560837 -0.287583 -0.052409 0.956321 0.074613 0.000000 0.000000 0.000000 1.000000
0.955571 -0.063843 0.287763 8.910308 0.045680 0.996542 0.069402 98.606033 -0.291199 -0.053174 0.955184 0.054679 0.000000 0.000000 0.000000 1.000000
0.954720 -0.066223 0.290041 9.181505 0.047546 0.996344 0.070982 98.649612 -0.293681 -0.053978 0.954378 0.034771 0.000000 0.000000 0.000000 1.000000
0.954201 -0.068128 0.291305 9.433020 0.049019 0.996170 0.072410 98.691116 -0.295123 -0.054815 0.953886 0.014822 0.000000 0.000000 0.000000 1.000000
0.953988 -0.069474 0.291685 9.662745 0.050016 0.996029 0.073653 98.729790 -0.295644 -0.055675 0.953674 -0.005210 0.000000 0.000000 0.000000 1.000000
0.954048 -0.070209 0.291312 9.868821 0.050485 0.995928 0.074688 98.764862 -0.295370 -0.056549 0.953708 -0.025344 0.000000 0.000000 0.000000 1.000000
0.954350 -0.070324 0.290295 10.049878 0.050413 0.995869 0.075517 98.795502 -0.294406 -0.057435 0.953953 -0.045593 0.000000 0.000000 0.000000 1.000000
0.954866 -0.069869 0.288704 10.205068 0.049839 0.995849 0.076165 98.821114 -0.292827 -0.058339 0.954384 -0.066013 0.000000 0.000000 0.000000 1.000000
0.955575 -0.068943 0.286573 10.333963 0.048850 0.995857 0.076693 98.841377 -0.290673 -0.059287 0.954984 -0.086786 0.000000 0.000000 0.000000 1.000000
0.956460 -0.067674 0.283908 10.436235 0.047554 0.995883 0.077179 98.856216 -0.287962 -0.060318 0.955740 -0.108225 0.000000 0.000000 0.000000 1.000000
0.957508 -0.066181 0.280712 10.511256 0.046051 0.995911 0.077715 98.865845 -0.284707 -0.061486 0.956641 -0.130736 0.000000 0.000000 0.000000 1.000000
0.958699 -0.064546 0.277003 10.557734 0.044407 0.995934 0.078378 98.870369 -0.280936 -0.062840 0.957667 -0.155874 0.000000 0.000000 0.000000 1.000000
0.960011 -0.062783 0.272834 10.573588 0.042620 0.995946 0.079215 98.869659 -0.276701 -0.064419 0.958794 -0.176104 0.000000 0.000000 0.000000 1.000000
0.961416 -0.060839 0.268287 10.555934 0.040636 0.995948 0.080229 98.864120 -0.272081 -0.066231 0.959992 -0.192921 0.000000 0.000000 0.000000 1.000000
0.962886 -0.058611 0.263469 10.501443 0.038357 0.995945 0.081374 98.853119 -0.267170 -0.068248 0.961230 -0.207696 0.000000 0.000000 0.000000 1.000000
0.964392 -0.055963 0.258487 10.406864 0.035663 0.995947 0.082570 98.836098 -0.262061 -0.070412 0.962479 -0.221452 0.000000 0.000000 0.000000 1.000000
0.965917 -0.052680 0.253435 10.269071 0.032352 0.995964 0.083720 98.808426 -0.256823 -0.072667 0.963723 -0.234912 0.000000 0.000000 0.000000 1.000000
0.967441 -0.048776 0.248353 10.087646 0.028462 0.995997 0.084739 98.774895 -0.251492 -0.074911 0.964956 -0.247842 0.000000 0.000000 0.000000 1.000000
0.968958 -0.044141 0.243253 9.861962 0.023891 0.996045 0.085576 98.733154 -0.246068 -0.077108 0.966180 -0.259513 0.000000 0.000000 0.000000 1.000000
0.970466 -0.038711 0.238111 9.593562 0.018576 0.996102 0.086230 98.682190 -0.240521 -0.079260 0.967402 -0.268807 0.000000 0.000000 0.000000 1.000000
0.971959 -0.032588 0.232883 9.284381 0.012613 0.996150 0.086752 98.623856 -0.234813 -0.081382 0.968628 -0.274525 0.000000 0.000000 0.000000 1.000000
0.973428 -0.025880 0.227525 8.937200 0.006096 0.996170 0.087230 98.560028 -0.228911 -0.083525 0.969857 -0.275412 0.000000 0.000000 0.000000 1.000000
0.974866 -0.018759 0.221999 8.554954 -0.000819 0.996141 0.087767 98.488792 -0.222789 -0.085743 0.971089 -0.270597 0.000000 0.000000 0.000000 1.000000
0.976259 -0.011264 0.216312 8.141228 -0.008107 0.996047 0.088453 98.412407 -0.216453 -0.088107 0.972309 -0.259153 0.000000 0.000000 0.000000 1.000000
0.977589 -0.003429 0.210495 7.699244 -0.015743 0.995877 0.089339 98.331734 -0.209933 -0.090651 0.973504 -0.240971 0.000000 0.000000 0.000000 1.000000
0.978835 0.004687 0.204596 7.232009 -0.023669 0.995622 0.090429 98.247253 -0.203277 -0.093358 0.974660 -0.234165 0.000000 0.000000 0.000000 1.000000
0.979979 0.013043 0.198675 6.742321 -0.031833 0.995280 0.091676 98.159264 -0.196541 -0.096165 0.975768 -0.229272 0.000000 0.000000 0.000000 1.000000
0.981002 0.021598 0.192794 6.232906 -0.040179 0.994855 0.092997 98.067909 -0.189793 -0.098977 0.976822 -0.225705 0.000000 0.000000 0.000000 1.000000
0.981890 0.030315 0.187013 5.706604 -0.048659 0.994355 0.094291 97.973770 -0.183098 -0.101683 0.977822 -0.222779 0.000000 0.000000 0.000000 1.000000
0.982633 0.039160 0.181383 5.166472 -0.057226 0.993787 0.095463 97.877007 -0.176518 -0.104185 0.978768 -0.219889 0.000000 0.000000 0.000000 1.000000
0.983224 0.048096 0.175948 4.615962 -0.065840 0.993159 0.096441 97.778290 -0.170106 -0.106407 0.979664 -0.216556 0.000000 0.000000 0.000000 1.000000
0.983662 0.057080 0.170739 4.059030 -0.074461 0.992477 0.097186 97.678055 -0.163907 -0.108312 0.980512 -0.212524 0.000000 0.000000 0.000000 1.000000
0.983951 0.066032 0.165770 3.499654 -0.083015 0.991748 0.097695 97.576576 -0.157951 -0.109888 0.981313 -0.207398 0.000000 0.000000 0.000000 1.000000
0.984102 0.074877 0.161048 2.942510 -0.091436 0.990978 0.097989 97.474449 -0.152258 -0.111157 0.982070 -0.201169 0.000000 0.000000 0.000000 1.000000
0.984127 0.083542 0.156572 2.392403 -0.099664 0.990173 0.098107 97.371902 -0.146837 -0.112155 0.982782 -0.194166 0.000000 0.000000 0.000000 1.000000
0.984045 0.091937 0.152328 1.853859 -0.107616 0.989342 0.098089 97.270264 -0.141686 -0.112917 0.983450 -0.186438 0.000000 0.000000 0.000000 1.000000
0.983870 0.100030 0.148304 1.332493 -0.115267 0.988492 0.097967 97.167435 -0.136798 -0.113481 0.984077 -0.178447 0.000000 0.000000 0.000000 1.000000
0.983629 0.107707 0.144475 0.831934 -0.122505 0.987641 0.097765 97.066406 -0.132159 -0.113863 0.984667 -0.170262 0.000000 0.000000 0.000000 1.000000
0.983356 0.114822 0.140807 0.354044 -0.129186 0.986816 0.097495 96.973267 -0.127756 -0.114063 0.985225 -0.161408 0.000000 0.000000 0.000000 1.000000
0.983075 0.121315 0.137283 -0.098617 -0.135249 0.986036 0.097164 96.890564 -0.123579 -0.114087 0.985755 -0.151769 0.000000 0.000000 0.000000 1.000000
0.982804 0.127156 0.133895 -0.523662 -0.140666 0.985316 0.096775 96.819916 -0.119624 -0.113946 0.986259 -0.141257 0.000000 0.000000 0.000000 1.000000
0.982558 0.132334 0.130646 -0.918660 -0.145427 0.984668 0.096334 96.762459 -0.115895 -0.113654 0.986738 -0.129835 0.000000 0.000000 0.000000 1.000000
0.982346 0.136847 0.127549 -1.281028 -0.149537 0.984099 0.095854 96.718369 -0.112403 -0.113235 0.987190 -0.117527 0.000000 0.000000 0.000000 1.000000
0.982177 0.140699 0.124625 -1.608020 -0.153004 0.983615 0.095352 96.687126 -0.109167 -0.112721 0.987612 -0.104385 0.000000 0.000000 0.000000 1.000000
0.982054 0.143903 0.121908 -1.896878 -0.155847 0.983217 0.094846 96.667389 -0.106213 -0.112143 0.987999 -0.090894 0.000000 0.000000 0.000000 1.000000
0.981979 0.146469 0.119430 -2.145462 -0.158082 0.982908 0.094351 96.657028 -0.103569 -0.111530 0.988349 -0.077573 0.000000 0.000000 0.000000 1.000000
0.981954 0.148410 0.117219 -2.353108 -0.159727 0.982687 0.093875 96.654312 -0.101258 -0.110904 0.988659 -0.064481 0.000000 0.000000 0.000000 1.000000
0.981979 0.149751 0.115294 -2.520828 -0.160808 0.982555 0.093421 96.657417 -0.099293 -0.110277 0.988929 -0.051660 0.000000 0.000000 0.000000 1.000000
0.982049 0.150537 0.113659 -2.651538 -0.161368 0.982504 0.092983 96.664352 -0.097673 -0.109655 0.989159 -0.039112 0.000000 0.000000 0.000000 1.000000
0.982158 0.150838 0.112307 -2.749945 -0.161478 0.982527 0.092555 96.673752 -0.096383 -0.109039 0.989354 -0.026815 0.000000 0.000000 0.000000 1.000000
0.982297 0.150743 0.111214 -2.821936 -0.161222 0.982608 0.092131 96.683983 -0.095391 -0.108430 0.989517 -0.014774 0.000000 0.000000 0.000000 1.000000
0.982454 0.150358 0.110344 -2.873984 -0.160701 0.982733 0.091709 96.694031 -0.094650 -0.107832 0.989653 -0.002980 0.000000 0.000000 0.000000 1.000000
0.982626 0.149743 0.109650 -2.912214 -0.159971 0.982891 0.091294 96.701134 -0.094104 -0.107249 0.989769 0.008366 0.000000 0.000000 0.000000 1.000000
0.982794 0.149048 0.109094 -2.941944 -0.159178 0.983057 0.090893 96.707024 -0.093698 -0.106694 0.989867 0.019464 0.000000 0.000000 0.000000 1.000000
0.982949 0.148357 0.108633 -2.967175 -0.158401 0.983217 0.090515 96.711777 -0.093381 -0.106179 0.989952 0.030382 0.000000 0.000000 0.000000 1.000000
0.983088 0.147725 0.108234 -2.990178 -0.157693 0.983363 0.090166 96.714912 -0.093114 -0.105709 0.990028 0.041085 0.000000 0.000000 0.000000 1.000000
0.983211 0.147175 0.107873 -3.012251 -0.157074 0.983492 0.089845 96.716888 -0.092869 -0.105281 0.990097 0.051688 0.000000 0.000000 0.000000 1.000000
0.983317 0.146715 0.107532 -3.033530 -0.156550 0.983603 0.089543 96.717552 -0.092631 -0.104883 0.990161 0.062286 0.000000 0.000000 0.000000 1.000000
0.983405 0.146360 0.107206 -3.053609 -0.156132 0.983697 0.089242 96.717545 -0.092397 -0.104499 0.990224 0.073077 0.000000 0.000000 0.000000 1.000000
0.983479 0.146094 0.106888 -3.071962 -0.155803 0.983778 0.088921 96.716545 -0.092163 -0.104105 0.990287 0.084197 0.000000 0.000000 0.000000 1.000000
0.983543 0.145898 0.106572 -3.088140 -0.155540 0.983852 0.088559 96.714172 -0.091930 -0.103678 0.990353 0.095760 0.000000 0.000000 0.000000 1.000000
0.983597 0.145764 0.106249 -3.101901 -0.155333 0.983922 0.088141 96.710442 -0.091693 -0.103199 0.990425 0.107882 0.000000 0.000000 0.000000 1.000000
0.983647 0.145680 0.105910 -3.113146 -0.155169 0.983991 0.087659 96.705299 -0.091444 -0.102660 0.990504 0.120625 0.000000 0.000000 0.000000 1.000000
0.983693 0.145631 0.105543 -3.121891 -0.155033 0.984061 0.087119 96.697586 -0.091173 -0.102061 0.990591 0.133977 0.000000 0.000000 0.000000 1.000000
0.983737 0.145624 0.105141 -3.128255 -0.154930 0.984129 0.086532 96.689331 -0.090871 -0.101414 0.990685 0.147960 0.000000 0.000000 0.000000 1.000000
0.983780 0.145653 0.104702 -3.132317 -0.154858 0.984194 0.085918 96.681091 -0.090533 -0.100739 0.990785 0.162538 0.000000 0.000000 0.000000 1.000000
0.983824 0.145694 0.104225 -3.134170 -0.154795 0.984257 0.085300 96.672783 -0.090156 -0.100054 0.990889 0.177559 0.000000 0.000000 0.000000 1.000000
0.983869 0.145757 0.103717 -3.133909 -0.154751 0.984316 0.084694 96.665703 -0.089745 -0.099378 0.990994 0.193061 0.000000 0.000000 0.000000 1.000000
0.983912 0.145840 0.103184 -3.131574 -0.154729 0.984370 0.084114 96.660660 -0.089304 -0.098726 0.991099 0.209044 0.000000 0.000000 0.000000 1.000000
0.983956 0.145940 0.102629 -3.127248 -0.154724 0.984417 0.083562 96.657959 -0.088835 -0.098101 0.991204 0.225551 0.000000 0.000000 0.000000 1.000000
0.983999 0.146052 0.102048 -3.121006 -0.154732 0.984461 0.083037 96.657738 -0.088335 -0.097499 0.991308 0.242643 0.000000 0.000000 0.000000 1.000000
0.984046 0.146170 0.101431 -3.112906 -0.154745 0.984501 0.082530 96.659775 -0.087796 -0.096909 0.991413 0.260396 0.000000 0.000000 0.000000 1.000000
0.984096 0.146294 0.100763 -3.103022 -0.154760 0.984541 0.082028 96.663826 -0.087205 -0.096318 0.991523 0.278917 0.000000 0.000000 0.000000 1.000000
0.984152 0.146423 0.100029 -3.091443 -0.154773 0.984581 0.081519 96.669525 -0.086550 -0.095709 0.991640 0.298306 0.000000 0.000000 0.000000 1.000000
0.984215 0.146549 0.099215 -3.078299 -0.154774 0.984624 0.080992 96.676132 -0.085820 -0.095070 0.991764 0.318636 0.000000 0.000000 0.000000 1.000000
0.984287 0.146669 0.098320 -3.063770 -0.154761 0.984672 0.080440 96.683022 -0.085015 -0.094392 0.991899 0.344902 0.000000 0.000000 0.000000 1.000000
0.984367 0.146781 0.097349 -3.048133 -0.154731 0.984724 0.079858 96.689529 -0.084140 -0.093673 0.992041 0.370052 0.000000 0.000000 0.000000 1.000000
0.984452 0.146889 0.096323 -3.031714 -0.154692 0.984779 0.079248 96.695274 -0.083216 -0.092916 0.992190 0.394247 0.000000 0.000000 0.000000 1.000000
0.984537 0.147004 0.095269 -3.014950 -0.154655 0.984836 0.078612 96.700142 -0.082268 -0.092131 0.992343 0.417676 0.000000 0.000000 0.000000 1.000000
0.984618 0.147140 0.094223 -2.998272 -0.154641 0.984890 0.077961 96.704292 -0.081328 -0.091333 0.992494 0.440476 0.000000 0.000000 0.000000 1.000000
0.984689 0.147302 0.093217 -2.982136 -0.154657 0.984939 0.077305 96.707649 -0.080425 -0.090538 0.992640 0.462741 0.000000 0.000000 0.000000 1.000000
0.984748 0.147496 0.092282 -2.966908 -0.154714 0.984981 0.076656 96.710480 -0.079589 -0.089764 0.992778 0.484527 0.000000 0.000000 0.000000 1.000000
0.984795 0.147709 0.091439 -2.952912 -0.154802 0.985016 0.076026 96.712646 -0.078839 -0.089025 0.992904 0.505822 0.000000 0.000000 0.000000 1.000000
0.984831 0.147925 0.090702 -2.940302 -0.154904 0.985046 0.075424 96.713768 -0.078188 -0.088330 0.993018 0.526623 0.000000 0.000000 0.000000 1.000000
0.984855 0.148146 0.090074 -2.929200 -0.155025 0.985071 0.074856 96.714684 -0.077640 -0.087686 0.993118 0.547053 0.000000 0.000000 0.000000 1.000000
0.984870 0.148367 0.089550 -2.919579 -0.155158 0.985090 0.074320 96.715607 -0.077189 -0.087090 0.993206 0.567219 0.000000 0.000000 0.000000 1.000000
0.984876 0.148583 0.089116 -2.911355 -0.155297 0.985106 0.073813 96.716751 -0.076821 -0.086536 0.993282 0.587254 0.000000 0.000000 0.000000 1.000000
0.984879 0.148784 0.088750 -2.904392 -0.155429 0.985122 0.073330 96.717743 -0.076519 -0.086015 0.993351 0.607216 0.000000 0.000000 0.000000 1.000000
0.984881 0.148965 0.088428 -2.898556 -0.155546 0.985138 0.072865 96.718262 -0.076259 -0.085518 0.993414 0.627155 0.000000 0.000000 0.000000 1.000000
0.984884 0.149119 0.088129 -2.893609 -0.155639 0.985156 0.072413 96.712708 -0.076023 -0.085035 0.993473 0.647026 0.000000 0.000000 0.000000 1.000000
0.984885 0.149282 0.087844 -2.889760 -0.155745 0.985172 0.071973 96.712463 -0.075797 -0.084566 0.993531 0.667044 0.000000 0.000000 0.000000 1.000000
0.984884 0.149448 0.087568 -2.886871 -0.155855 0.985186 0.071545 96.712128 -0.075578 -0.084112 0.993586 0.687153 0.000000 0.000000 0.000000 1.000000
0.984883 0.149612 0.087307 -2.884995 -0.155965 0.985198 0.071135 96.711418 -0.075372 -0.083676 0.993638 0.707407 0.000000 0.000000 0.000000 1.000000
0.984878 0.149773 0.087078 -2.884190 -0.156079 0.985208 0.070747 96.710411 -0.075194 -0.083269 0.993686 0.727968 0.000000 0.000000 0.000000 1.000000
0.984872 0.149916 0.086902 -2.884524 -0.156180 0.985217 0.070390 96.708664 -0.075065 -0.082897 0.993727 0.748982 0.000000 0.000000 0.000000 1.000000
0.984861 0.150048 0.086801 -2.886036 -0.156279 0.985225 0.070068 96.706985 -0.075004 -0.082572 0.993759 0.770772 0.000000 0.000000 0.000000 1.000000
0.984842 0.150180 0.086787 -2.888637 -0.156388 0.985227 0.069788 96.706078 -0.075024 -0.082303 0.993779 0.793609 0.000000 0.000000 0.000000 1.000000
0.984816 0.150311 0.086862 -2.892249 -0.156508 0.985224 0.069555 96.706345 -0.075124 -0.082093 0.993789 0.817657 0.000000 0.000000 0.000000 1.000000
0.984783 0.150440 0.087011 -2.896653 -0.156636 0.985217 0.069370 96.707863 -0.075289 -0.081943 0.993789 0.842892 0.000000 0.000000 0.000000 1.000000
0.984747 0.150561 0.087207 -2.901636 -0.156762 0.985207 0.069231 96.710373 -0.075493 -0.081846 0.993782 0.869112 0.000000 0.000000 0.000000 1.000000
0.984714 0.150657 0.087415 -2.906981 -0.156868 0.985197 0.069132 96.713074 -0.075706 -0.081787 0.993770 0.895896 0.000000 0.000000 0.000000 1.000000
0.984686 0.150729 0.087603 -2.912508 -0.156950 0.985189 0.069060 96.715691 -0.075896 -0.081751 0.993759 0.922784 0.000000 0.000000 0.000000 1.000000
0.984665 0.150781 0.087745 -2.918113 -0.157009 0.985184 0.069000 96.718193 -0.076041 -0.081719 0.993750 0.949288 0.000000 0.000000 0.000000 1.000000
0.984654 0.150809 0.087825 -2.923765 -0.157039 0.985183 0.068936 96.720070 -0.076128 -0.081670 0.993748 0.974902 0.000000 0.000000 0.000000 1.000000
0.984651 0.150819 0.087840 -2.929467 -0.157044 0.985189 0.068853 96.721252 -0.076154 -0.081591 0.993752 0.999232 0.000000 0.000000 0.000000 1.000000
0.984655 0.150819 0.087794 -2.935301 -0.157031 0.985198 0.068743 96.721817 -0.076126 -0.081475 0.993764 1.022013 0.000000 0.000000 0.000000 1.000000
0.984665 0.150814 0.087697 -2.941287 -0.157008 0.985212 0.068603 96.721817 -0.076054 -0.081320 0.993782 1.043077 0.000000 0.000000 0.000000 1.000000
0.984674 0.150830 0.087563 -2.947499 -0.157000 0.985224 0.068438 96.722198 -0.075947 -0.081137 0.993805 1.062444 0.000000 0.000000 0.000000 1.000000
0.984684 0.150862 0.087402 -2.953962 -0.157005 0.985236 0.068257 96.722778 -0.075814 -0.080934 0.993832 1.080091 0.000000 0.000000 0.000000 1.000000
0.984690 0.150925 0.087221 -2.960739 -0.157040 0.985244 0.068068 96.724449 -0.075661 -0.080723 0.993861 1.096138 0.000000 0.000000 0.000000 1.000000
0.984708 0.150923 0.087016 -2.967847 -0.157007 0.985262 0.067883 96.723396 -0.075488 -0.080507 0.993891 1.110192 0.000000 0.000000 0.000000 1.000000
0.984735 0.150880 0.086789 -2.975328 -0.156932 0.985286 0.067702 96.721062 -0.075297 -0.080288 0.993924 1.122414 0.000000 0.000000 0.000000 1.000000
0.984764 0.150830 0.086543 -2.983311 -0.156848 0.985312 0.067520 96.719398 -0.075088 -0.080065 0.993957 1.132886 0.000000 0.000000 0.000000 1.000000
0.984797 0.150772 0.086270 -2.991835 -0.156753 0.985340 0.067327 96.718925 -0.074854 -0.079827 0.993994 1.141415 0.000000 0.000000 0.000000 1.000000
0.984835 0.150708 0.085953 -3.000891 -0.156647 0.985372 0.067111 96.719986 -0.074582 -0.079557 0.994036 1.147606 0.000000 0.000000 0.000000 1.000000
0.984879 0.150638 0.085571 -3.010347 -0.156527 0.985408 0.066855 96.722969 -0.074252 -0.079238 0.994087 1.150859 0.000000 0.000000 0.000000 1.000000
0.984935 0.150539 0.085093 -3.019958 -0.156368 0.985455 0.066546 96.726952 -0.073838 -0.078849 0.994148 1.150299 0.000000 0.000000 0.000000 1.000000
0.985009 0.150393 0.084489 -3.029306 -0.156146 0.985515 0.066174 96.731339 -0.073313 -0.078375 0.994225 1.144910 0.000000 0.000000 0.000000 1.000000
0.985107 0.150172 0.083737 -3.037893 -0.155834 0.985594 0.065731 96.735214 -0.072660 -0.077801 0.994318 1.133583 0.000000 0.000000 0.000000 1.000000
0.985235 0.149841 0.082825 -3.045160 -0.155394 0.985698 0.065216 96.737801 -0.071868 -0.077123 0.994428 1.115209 0.000000 0.000000 0.000000 1.000000
0.985393 0.149382 0.081762 -3.050562 -0.154810 0.985828 0.064627 96.739563 -0.070949 -0.076341 0.994554 1.088912 0.000000 0.000000 0.000000 1.000000
0.985585 0.148763 0.080572 -3.053644 -0.154054 0.985989 0.063971 96.741463 -0.069927 -0.075461 0.994694 1.053999 0.000000 0.000000 0.000000 1.000000
0.985814 0.147926 0.079295 -3.054045 -0.153070 0.986189 0.063252 96.744019 -0.068844 -0.074493 0.994842 1.009983 0.000000 0.000000 0.000000 1.000000
0.986086 0.146812 0.077979 -3.051565 -0.151805 0.986434 0.062480 96.748680 -0.067748 -0.073448 0.994995 0.956726 0.000000 0.000000 0.000000 1.000000
0.986407 0.145339 0.076672 -3.046179 -0.150180 0.986734 0.061661 96.756477 -0.066694 -0.072337 0.995148 0.894367 0.000000 0.000000 0.000000 1.000000
0.986781 0.143439 0.075424 -3.037989 -0.148132 0.987097 0.060800 96.768707 -0.065730 -0.071169 0.995296 0.823414 0.000000 0.000000 0.000000 1.000000
0.987210 0.141065 0.074275 -3.027215 -0.145617 0.987526 0.059901 96.786949 -0.064899 -0.069951 0.995437 0.744726 0.000000 0.000000 0.000000 1.000000
0.987693 0.138194 0.073253 -3.014101 -0.142612 0.988021 0.058961 96.812370 -0.064227 -0.068682 0.995569 0.659443 0.000000 0.000000 0.000000 1.000000
0.988223 0.134830 0.072367 -2.998770 -0.139124 0.988576 0.057976 96.845215 -0.063723 -0.067361 0.995692 0.568908 0.000000 0.000000 0.000000 1.000000
0.988792 0.131013 0.071603 -2.981167 -0.135188 0.989183 0.056938 96.884918 -0.063368 -0.065980 0.995807 0.474590 0.000000 0.000000 0.000000 1.000000
0.989388 0.126812 0.070920 -2.960885 -0.130871 0.989825 0.055844 96.930122 -0.063117 -0.064532 0.995918 0.377995 0.000000 0.000000 0.000000 1.000000
0.990001 0.122327 0.070250 -2.937124 -0.126268 0.990487 0.054695 96.978607 -0.062891 -0.063018 0.996029 0.280557 0.000000 0.000000 0.000000 1.000000
0.990609 0.117735 0.069509 -2.907481 -0.121552 0.991142 0.053502 97.025238 -0.062594 -0.061449 0.996146 0.183364 0.000000 0.000000 0.000000 1.000000
0.991197 0.113238 0.068596 -2.867742 -0.116922 0.991763 0.052292 97.064186 -0.062110 -0.059852 0.996273 0.087318 0.000000 0.000000 0.000000 1.000000
0.991766 0.108889 0.067402 -2.818670 -0.112426 0.992345 0.051109 97.097908 -0.061321 -0.058266 0.996416 -0.006380 0.000000 0.000000 0.000000 1.000000
0.992314 0.104771 0.065844 -2.759010 -0.108148 0.992876 0.050010 97.126694 -0.060136 -0.056746 0.996576 -0.097055 0.000000 0.000000 0.000000 1.000000
0.992840 0.100936 0.063884 -2.687491 -0.104144 0.993351 0.049061 97.151352 -0.058507 -0.055362 0.996751 -0.184365 0.000000 0.000000 0.000000 1.000000
0.993340 0.097411 0.061543 -2.602809 -0.100447 0.993768 0.048331 97.173164 -0.056451 -0.054190 0.996934 -0.268269 0.000000 0.000000 0.000000 1.000000
0.993811 0.094180 0.058912 -2.503534 -0.097048 0.994127 0.047882 97.193405 -0.054056 -0.053303 0.997114 -0.349041 0.000000 0.000000 0.000000 1.000000
0.994250 0.091184 0.056145 -2.387907 -0.093898 0.994435 0.047763 97.214592 -0.051477 -0.052761 0.997279 -0.426896 0.000000 0.000000 0.000000 1.000000
0.994645 0.088448 0.053461 -2.252469 -0.091032 0.994690 0.048005 97.234886 -0.048931 -0.052615 0.997415 -0.502472 0.000000 0.000000 0.000000 1.000000
0.994989 0.085939 0.051104 -2.094133 -0.088427 0.994896 0.048616 97.255508 -0.046665 -0.052891 0.997509 -0.576008 0.000000 0.000000 0.000000 1.000000
0.995272 0.083668 0.049322 -1.910227 -0.086106 0.995051 0.049588 97.276253 -0.044929 -0.053601 0.997551 -0.647412 0.000000 0.000000 0.000000 1.000000
0.995487 0.081667 0.048338 -1.697653 -0.084111 0.995156 0.050899 97.296883 -0.043947 -0.054735 0.997533 -0.716017 0.000000 0.000000 0.000000 1.000000
0.995622 0.080014 0.048324 -1.453655 -0.082529 0.995204 0.052513 97.311737 -0.043891 -0.056271 0.997450 -0.781691 0.000000 0.000000 0.000000 1.000000
0.995665 0.078816 0.049380 -1.176812 -0.081475 0.995190 0.054388 97.328743 -0.044856 -0.058175 0.997298 -0.843887 0.000000 0.000000 0.000000 1.000000
0.995611 0.078139 0.051507 -0.864934 -0.081021 0.995111 0.056473 97.346848 -0.046842 -0.060398 0.997075 -0.901793 0.000000 0.000000 0.000000 1.000000
0.995456 0.078006 0.054615 -0.517950 -0.081189 0.994968 0.058711 97.364159 -0.049761 -0.062878 0.996780 -0.954604 0.000000 0.000000 0.000000 1.000000
0.995204 0.078375 0.058531 -0.136482 -0.081930 0.994767 0.061037 97.378326 -0.053441 -0.065539 0.996418 -1.001817 0.000000 0.000000 0.000000 1.000000
0.994873 0.079096 0.063014 0.277559 -0.083082 0.994525 0.063378 97.386978 -0.057657 -0.068288 0.995998 -1.043323 0.000000 0.000000 0.000000 1.000000
0.994489 0.079972 0.067796 0.720218 -0.084430 0.994264 0.065659 97.390625 -0.062157 -0.071021 0.995536 -1.079261 0.000000 0.000000 0.000000 1.000000
0.994081 0.080818 0.072608 1.189001 -0.085764 0.994006 0.067804 97.386658 -0.066693 -0.073630 0.995053 -1.110617 0.000000 0.000000 0.000000 1.000000
0.993673 0.081563 0.077214 1.682696 -0.086990 0.993765 0.069744 97.367027 -0.071044 -0.076019 0.994572 -1.139077 0.000000 0.000000 0.000000 1.000000
0.993338 0.081605 0.081370 2.191131 -0.087478 0.993602 0.071432 97.356400 -0.075021 -0.078074 0.994121 -1.165494 0.000000 0.000000 0.000000 1.000000
0.993054 0.080755 0.085572 2.824943 -0.087091 0.993516 0.073086 97.350266 -0.079115 -0.080031 0.993648 -1.198524 0.000000 0.000000 0.000000 1.000000
0.992918 0.079051 0.088684 3.478466 -0.085738 0.993543 0.074305 97.349266 -0.082237 -0.081382 0.993284 -1.235644 0.000000 0.000000 0.000000 1.000000
0.992930 0.076747 0.090549 4.149240 -0.083655 0.993659 0.075128 97.351807 -0.084209 -0.082172 0.993054 -1.278434 0.000000 0.000000 0.000000 1.000000
0.993081 0.074162 0.091054 4.832578 -0.081153 0.993828 0.075638 97.356079 -0.084882 -0.082504 0.992969 -1.326845 0.000000 0.000000 0.000000 1.000000
0.993353 0.071595 0.090138 5.522484 -0.078534 0.994015 0.075940 97.361641 -0.084161 -0.082514 0.993030 -1.379488 0.000000 0.000000 0.000000 1.000000
0.993728 0.069245 0.087808 6.212245 -0.076005 0.994197 0.076132 97.368759 -0.082027 -0.082328 0.993224 -1.434485 0.000000 0.000000 0.000000 1.000000
0.994186 0.067171 0.084156 6.894041 -0.073641 0.994363 0.076287 97.377464 -0.078558 -0.082041 0.993528 -1.489980 0.000000 0.000000 0.000000 1.000000
0.994703 0.065328 0.079361 7.559614 -0.071414 0.994513 0.076439 97.387566 -0.073932 -0.081702 0.993911 -1.544614 0.000000 0.000000 0.000000 1.000000
0.995253 0.063601 0.073660 8.200757 -0.069231 0.994657 0.076587 97.397888 -0.068395 -0.081323 0.994338 -1.597589 0.000000 0.000000 0.000000 1.000000
0.995810 0.061915 0.067298 8.810703 -0.067036 0.994798 0.076706 97.408096 -0.062199 -0.080896 0.994780 -1.648517 0.000000 0.000000 0.000000 1.000000
0.996349 0.060252 0.060477 9.384373 -0.064826 0.994939 0.076773 97.418068 -0.055545 -0.080413 0.995213 -1.697081 0.000000 0.000000 0.000000 1.000000
0.996854 0.058628 0.053339 9.917540 -0.062632 0.995080 0.076772 97.425934 -0.048575 -0.079871 0.995621 -1.744888 0.000000 0.000000 0.000000 1.000000
0.997315 0.057020 0.045945 10.408495 -0.060434 0.995221 0.076704 97.433403 -0.041352 -0.079275 0.995995 -1.792153 0.000000 0.000000 0.000000 1.000000
0.997729 0.055407 0.038310 10.857352 -0.058217 0.995362 0.076580 97.442253 -0.033889 -0.078636 0.996327 -1.839745 0.000000 0.000000 0.000000 1.000000
0.998086 0.053832 0.030441 11.265188 -0.056023 0.995501 0.076414 97.450844 -0.026190 -0.077973 0.996611 -1.891651 0.000000 0.000000 0.000000 1.000000
0.998381 0.052308 0.022349 11.634035 -0.053870 0.995635 0.076218 97.459015 -0.018265 -0.077299 0.996841 -1.951363 0.000000 0.000000 0.000000 1.000000
0.998608 0.050837 0.014063 11.966123 -0.051762 0.995763 0.076000 97.467072 -0.010140 -0.076622 0.997009 -2.022362 0.000000 0.000000 0.000000 1.000000
0.998762 0.049419 0.005627 12.263165 -0.049704 0.995886 0.075766 97.475090 -0.001860 -0.075952 0.997110 -2.106992 0.000000 0.000000 0.000000 1.000000
0.998840 0.048057 -0.002912 12.526261 -0.047700 0.996003 0.075518 97.483025 0.006529 -0.075292 0.997140 -2.206021 0.000000 0.000000 0.000000 1.000000
0.998841 0.046743 -0.011511 12.755715 -0.045748 0.996114 0.075264 97.491158 0.014984 -0.074650 0.997097 -2.318497 0.000000 0.000000 0.000000 1.000000
0.998762 0.045483 -0.020136 12.951489 -0.043855 0.996218 0.075009 97.499672 0.023472 -0.074033 0.996980 -2.442220 0.000000 0.000000 0.000000 1.000000
0.998605 0.044290 -0.028757 13.113058 -0.042035 0.996315 0.074764 97.508507 0.031963 -0.073450 0.996787 -2.573904 0.000000 0.000000 0.000000 1.000000
0.998369 0.043179 -0.037342 13.239435 -0.040306 0.996403 0.074541 97.517242 0.040426 -0.072914 0.996519 -2.709888 0.000000 0.000000 0.000000 1.000000
0.998058 0.042168 -0.045848 13.329076 -0.038686 0.996481 0.074355 97.525497 0.048822 -0.072437 0.996177 -2.846400 0.000000 0.000000 0.000000 1.000000
0.997675 0.041267 -0.054229 13.380007 -0.037186 0.996548 0.074219 97.532997 0.057104 -0.072030 0.995766 -2.979915 0.000000 0.000000 0.000000 1.000000
0.997228 0.040482 -0.062432 13.390388 -0.035815 0.996604 0.074141 97.539978 0.065222 -0.071700 0.995292 -3.107171 0.000000 0.000000 0.000000 1.000000
0.996723 0.039805 -0.070419 13.358979 -0.034565 0.996650 0.074125 97.546494 0.073134 -0.071448 0.994760 -3.224884 0.000000 0.000000 0.000000 1.000000
0.996168 0.039223 -0.078172 13.286258 -0.033423 0.996685 0.074169 97.552719 0.080822 -0.071272 0.994177 -3.329844 0.000000 0.000000 0.000000 1.000000
0.995568 0.038722 -0.085697 13.174709 -0.032373 0.996712 0.074273 97.558830 0.088292 -0.071169 0.993549 -3.418690 0.000000 0.000000 0.000000 1.000000
0.994929 0.038303 -0.093002 13.028935 -0.031413 0.996730 0.074452 97.564751 0.095550 -0.071153 0.992878 -3.488306 0.000000 0.000000 0.000000 1.000000
0.994256 0.037993 -0.100055 12.855068 -0.030566 0.996734 0.074744 97.570702 0.102568 -0.071256 0.992171 -3.535778 0.000000 0.000000 0.000000 1.000000
0.993566 0.037861 -0.106735 12.659785 -0.029902 0.996719 0.075209 97.576828 0.109232 -0.071534 0.991439 -3.558763 0.000000 0.000000 0.000000 1.000000
0.992891 0.038008 -0.112796 12.448611 -0.029528 0.996677 0.075920 97.583527 0.115307 -0.072049 0.990713 -3.555745 0.000000 0.000000 0.000000 1.000000
0.992280 0.038532 -0.117879 12.224843 -0.029561 0.996598 0.076927 97.590736 0.120442 -0.072849 0.990044 -3.526119 0.000000 0.000000 0.000000 1.000000
0.991795 0.039501 -0.121581 11.989149 -0.030096 0.996480 0.078237 97.598450 0.124244 -0.073936 0.989493 -3.470300 0.000000 0.000000 0.000000 1.000000
0.991498 0.040898 -0.123531 11.740135 -0.031156 0.996325 0.079790 97.605591 0.126340 -0.075262 0.989128 -3.389889 0.000000 0.000000 0.000000 1.000000
0.991428 0.042635 -0.123505 11.475454 -0.032691 0.996141 0.081455 97.611084 0.126502 -0.076719 0.988995 -3.287789 0.000000 0.000000 0.000000 1.000000
0.991586 0.044614 -0.121516 11.193104 -0.034632 0.995943 0.083055 97.616234 0.124728 -0.078148 0.989109 -3.167430 0.000000 0.000000 0.000000 1.000000
0.991937 0.046676 -0.117825 10.892202 -0.036829 0.995750 0.084408 97.621101 0.121264 -0.079388 0.989441 -3.033350 0.000000 0.000000 0.000000 1.000000
0.992417 0.048665 -0.112873 10.573430 -0.039111 0.995582 0.085362 97.625694 0.116528 -0.080300 0.989936 -2.890099 0.000000 0.000000 0.000000 1.000000
0.992955 0.050470 -0.107202 10.238523 -0.041332 0.995454 0.085813 97.629997 0.111046 -0.080778 0.990527 -2.741705 0.000000 0.000000 0.000000 1.000000
0.993491 0.052050 -0.101321 9.889725 -0.043407 0.995374 0.085714 97.633911 0.105314 -0.080758 0.991154 -2.591096 0.000000 0.000000 0.000000 1.000000
0.993984 0.053435 -0.095603 9.529081 -0.045328 0.995345 0.085055 97.637627 0.099703 -0.080210 0.991779 -2.439919 0.000000 0.000000 0.000000 1.000000
0.994417 0.054703 -0.090235 9.158072 -0.047146 0.995362 0.083851 97.641457 0.094403 -0.079129 0.992384 -2.288757 0.000000 0.000000 0.000000 1.000000
0.994788 0.055936 -0.085249 8.777862 -0.048933 0.995420 0.082129 97.645676 0.089453 -0.077529 0.992969 -2.137667 0.000000 0.000000 0.000000 1.000000
0.995106 0.057189 -0.080576 8.389628 -0.050741 0.995509 0.079924 97.649826 0.084785 -0.075444 0.993539 -1.986748 0.000000 0.000000 0.000000 1.000000
0.995383 0.058491 -0.076101 7.994747 -0.052596 0.995620 0.077292 97.653625 0.080288 -0.072932 0.994100 -1.836354 0.000000 0.000000 0.000000 1.000000
0.995627 0.059856 -0.071719 7.594785 -0.054510 0.995744 0.074308 97.657349 0.075861 -0.070074 0.994653 -1.687053 0.000000 0.000000 0.000000 1.000000
0.995845 0.061277 -0.067361 7.191595 -0.056471 0.995872 0.071068 97.661240 0.071437 -0.066969 0.995194 -1.539482 0.000000 0.000000 0.000000 1.000000
0.996041 0.062732 -0.062985 6.787111 -0.058449 0.995994 0.067674 97.665268 0.066978 -0.063725 0.995717 -1.394221 0.000000 0.000000 0.000000 1.000000
0.996218 0.064192 -0.058566 6.383182 -0.060409 0.996105 0.064224 97.669304 0.062461 -0.060443 0.996215 -1.251582 0.000000 0.000000 0.000000 1.000000
0.996376 0.065642 -0.054086 5.981575 -0.062331 0.996203 0.060790 97.673637 0.057871 -0.057199 0.996684 -1.111413 0.000000 0.000000 0.000000 1.000000
0.996518 0.067074 -0.049529 5.584434 -0.064204 0.996284 0.057416 97.678604 0.053196 -0.054036 0.997121 -0.973319 0.000000 0.000000 0.000000 1.000000
0.996642 0.068472 -0.044897 5.194038 -0.066014 0.996350 0.054115 97.683975 0.048438 -0.050969 0.997525 -0.836930 0.000000 0.000000 0.000000 1.000000
0.996749 0.069826 -0.040206 4.812946 -0.067749 0.996404 0.050886 97.689423 0.043614 -0.047996 0.997895 -0.702182 0.000000 0.000000 0.000000 1.000000
0.996831 0.071094 -0.035688 4.483051 -0.069340 0.996429 0.048182 97.695709 0.038986 -0.045555 0.998201 -0.586629 0.000000 0.000000 0.000000 1.000000
0.996894 0.072458 -0.030860 4.140310 -0.071020 0.996441 0.045400 97.702682 0.034040 -0.043068 0.998492 -0.466957 0.000000 0.000000 0.000000 1.000000
0.996932 0.073899 -0.025795 3.788930 -0.072761 0.996440 0.042571 97.710266 0.028850 -0.040564 0.998760 -0.344620 0.000000 0.000000 0.000000 1.000000
0.996941 0.075401 -0.020570 3.433161 -0.074542 0.996426 0.039727 97.718277 0.023492 -0.038072 0.998999 -0.221065 0.000000 0.000000 0.000000 1.000000
0.996919 0.076944 -0.015261 3.077221 -0.076339 0.996399 0.036897 97.726570 0.018045 -0.035619 0.999203 -0.097739 0.000000 0.000000 0.000000 1.000000
0.996864 0.078506 -0.009942 2.725347 -0.078126 0.996360 0.034115 97.735046 0.012584 -0.033231 0.999368 0.023914 0.000000 0.000000 0.000000 1.000000
0.996779 0.080066 -0.004689 2.381786 -0.079881 0.996309 0.031410 97.743492 0.007186 -0.030935 0.999496 0.142460 0.000000 0.000000 0.000000 1.000000
