<?xml version="1.0" encoding="utf-8"?>
<COLLADA xmlns="http://www.collada.org/2005/11/COLLADASchema" version="1.4.1">
  <asset>
    <contributor>
      <author>Mixamo</author>
      <authoring_tool>COLLADA Mixamo exporter</authoring_tool>
      <comments/>
    </contributor>
    <created>2023-03-18T13:46:56Z</created>
    <modified>2023-03-18T13:46:56Z</modified>
    <revision/>
    <title/>
    <unit meter="0.010000"/>
    <up_axis>Y_UP</up_axis>
  </asset>
  <library_animations>
    <animation id="mixamorig2_Hips-anim" name="mixamorig2_Hips">
      <source id="mixamorig2_Hips-Matrix-animation-input">
        <float_array id="mixamorig2_Hips-Matrix-animation-input-array" count="124">

0.000000 0.033333 0.066667 0.100000 0.133333 0.166667 0.200000 0.233333 0.266667 0.300000 0.333333 0.366667 0.400000 0.433333 0.466667 0.500000
0.533333 0.566667 0.600000 0.633333 0.666667 0.700000 0.733333 0.766667 0.800000 0.833333 0.866667 0.900000 0.933333 0.966667 1.000000 1.033333
1.066667 1.100000 1.133333 1.166667 1.200000 1.233333 1.266667 1.300000 1.333333 1.366667 1.400000 1.433333 1.466667 1.500000 1.533333 1.566667
1.600000 1.633333 1.666667 1.700000 1.733333 1.766667 1.800000 1.833333 1.866667 1.900000 1.933333 1.966667 2.000000 2.033333 2.066667 2.100000
2.133333 2.166667 2.200000 2.233333 2.266667 2.300000 2.333333 2.366667 2.400000 2.433333 2.466667 2.500000 2.533333 2.566667 2.600000 2.633333
2.666667 2.700000 2.733333 2.766667 2.800000 2.833333 2.866667 2.900000 2.933333 2.966667 3.000000 3.033333 3.066667 3.100000 3.133333 3.166667
3.200000 3.233333 3.266667 3.300000 3.333333 3.366667 3.400000 3.433333 3.466667 3.500000 3.533333 3.566667 3.600000 3.633333 3.666667 3.700000
3.733333 3.766667 3.800000 3.833333 3.866667 3.900000 3.933333 3.966667 4.000000 4.033333 4.066667 4.100000</float_array>
        <technique_common>
          <accessor source="#mixamorig2_Hips-Matrix-animation-input-array" count="124">
            <param name="TIME" type="float"/>
          </accessor>
        </technique_common>
      </source>
      <source id="mixamorig2_Hips-Matrix-animation-output-transform">
        <float_array id="mixamorig2_Hips-Matrix-animation-output-transform-array" count="1984">

0.993824 0.063536 -0.090979 0.111595 -0.057717 0.996200 0.065232 99.459183 0.094778 -0.059578 0.993714 0.799199 0.000000 0.000000 0.000000 1.000000
0.993798 0.063540 -0.091262 0.105771 -0.057703 0.996200 0.065232 99.458801 0.095060 -0.059561 0.993688 0.787636 0.000000 0.000000 0.000000 1.000000
0.993757 0.063603 -0.091656 0.099806 -0.057743 0.996198 0.065232 99.458321 0.095456 -0.059532 0.993652 0.774405 0.000000 0.000000 0.000000 1.000000
0.993693 0.063716 -0.092279 0.093186 -0.057818 0.996194 0.065232 99.457367 0.096084 -0.059486 0.993594 0.759581 0.000000 0.000000 0.000000 1.000000
0.993603 0.063843 -0.093146 0.085617 -0.057894 0.996189 0.065233 99.455986 0.096956 -0.059423 0.993513 0.743377 0.000000 0.000000 0.000000 1.000000
0.993480 0.064005 -0.094342 0.077099 -0.057985 0.996184 0.065233 99.454323 0.098158 -0.059338 0.993400 0.725899 0.000000 0.000000 0.000000 1.000000
0.993325 0.064218 -0.095824 0.067999 -0.058109 0.996177 0.065234 99.452148 0.099647 -0.059230 0.993258 0.707002 0.000000 0.000000 0.000000 1.000000
0.993126 0.064516 -0.097664 0.058408 -0.058299 0.996166 0.065234 99.449196 0.101498 -0.059092 0.993079 0.686312 0.000000 0.000000 0.000000 1.000000
0.992884 0.064897 -0.099845 0.047850 -0.058551 0.996151 0.065235 99.445389 0.103694 -0.058925 0.992862 0.663459 0.000000 0.000000 0.000000 1.000000
0.992585 0.065353 -0.102492 0.035282 -0.058862 0.996139 0.065127 99.441109 0.106352 -0.058611 0.992600 0.638403 0.000000 0.000000 0.000000 1.000000
0.992222 0.065863 -0.105628 0.019817 -0.059205 0.996129 0.064975 99.437119 0.109499 -0.058216 0.992281 0.611444 0.000000 0.000000 0.000000 1.000000
0.991776 0.066410 -0.109412 0.000808 -0.059552 0.996120 0.064802 99.433754 0.113291 -0.057754 0.991882 0.583311 0.000000 0.000000 0.000000 1.000000
0.991240 0.066985 -0.113824 -0.021763 -0.059891 0.996110 0.064642 99.431427 0.117711 -0.057259 0.991396 0.554860 0.000000 0.000000 0.000000 1.000000
0.990601 0.067605 -0.118910 -0.047552 -0.060236 0.996097 0.064513 99.430054 0.122807 -0.056744 0.990807 0.526961 0.000000 0.000000 0.000000 1.000000
0.989861 0.068300 -0.124537 -0.075583 -0.060628 0.996081 0.064391 99.428879 0.128447 -0.056187 0.990123 0.500752 0.000000 0.000000 0.000000 1.000000
0.989019 0.069108 -0.130632 -0.104515 -0.061118 0.996063 0.064218 99.427071 0.134555 -0.055529 0.989349 0.478064 0.000000 0.000000 0.000000 1.000000
0.988086 0.070017 -0.137054 -0.133470 -0.061707 0.996042 0.063972 99.424156 0.140991 -0.054753 0.988496 0.460242 0.000000 0.000000 0.000000 1.000000
0.987075 0.070987 -0.143680 -0.162768 -0.062358 0.996019 0.063695 99.420670 0.147630 -0.053912 0.987572 0.446558 0.000000 0.000000 0.000000 1.000000
0.986008 0.071986 -0.150356 -0.193658 -0.063037 0.995991 0.063464 99.417580 0.154321 -0.053098 0.986593 0.434359 0.000000 0.000000 0.000000 1.000000
0.984903 0.073034 -0.156947 -0.227049 -0.063763 0.995954 0.063317 99.415436 0.160936 -0.052354 0.985575 0.421045 0.000000 0.000000 0.000000 1.000000
0.983775 0.074164 -0.163360 -0.262687 -0.064579 0.995908 0.063227 99.413933 0.167380 -0.051652 0.984538 0.406002 0.000000 0.000000 0.000000 1.000000
0.982645 0.075375 -0.169489 -0.299081 -0.065490 0.995851 0.063185 99.412476 0.173548 -0.050989 0.983505 0.390489 0.000000 0.000000 0.000000 1.000000
0.981543 0.076607 -0.175229 -0.334413 -0.066443 0.995789 0.063161 99.410637 0.179330 -0.050352 0.982500 0.376605 0.000000 0.000000 0.000000 1.000000
0.980494 0.077795 -0.180496 -0.367204 -0.067377 0.995727 0.063156 99.408417 0.184638 -0.049762 0.981546 0.366452 0.000000 0.000000 0.000000 1.000000
0.979519 0.078905 -0.185246 -0.396961 -0.068258 0.995665 0.063176 99.405968 0.189428 -0.049237 0.980659 0.361108 0.000000 0.000000 0.000000 1.000000
0.978621 0.079935 -0.189504 -0.423623 -0.069077 0.995605 0.063234 99.403625 0.193726 -0.048792 0.979842 0.360392 0.000000 0.000000 0.000000 1.000000
0.977804 0.080887 -0.193281 -0.446971 -0.069826 0.995544 0.063381 99.401543 0.197546 -0.048479 0.979094 0.363241 0.000000 0.000000 0.000000 1.000000
0.977059 0.081756 -0.196653 -0.466430 -0.070498 0.995483 0.063593 99.399536 0.200964 -0.048271 0.978409 0.368535 0.000000 0.000000 0.000000 1.000000
0.976384 0.082538 -0.199652 -0.481586 -0.071083 0.995422 0.063892 99.397324 0.204012 -0.048192 0.977782 0.375479 0.000000 0.000000 0.000000 1.000000
0.975768 0.083256 -0.202350 -0.492868 -0.071603 0.995362 0.064252 99.394623 0.206761 -0.048206 0.977203 0.383133 0.000000 0.000000 0.000000 1.000000
0.975215 0.083926 -0.204724 -0.501439 -0.072092 0.995304 0.064603 99.391258 0.209185 -0.048243 0.976685 0.390463 0.000000 0.000000 0.000000 1.000000
0.974722 0.084560 -0.206800 -0.508213 -0.072578 0.995251 0.064868 99.387703 0.211304 -0.048219 0.976230 0.396872 0.000000 0.000000 0.000000 1.000000
0.974296 0.085130 -0.208567 -0.512650 -0.073042 0.995208 0.065002 99.384819 0.213101 -0.048097 0.975846 0.402502 0.000000 0.000000 0.000000 1.000000
0.973924 0.085621 -0.210098 -0.513749 -0.073464 0.995176 0.065016 99.383362 0.214651 -0.047887 0.975516 0.407654 0.000000 0.000000 0.000000 1.000000
0.973609 0.086025 -0.211387 -0.511398 -0.073833 0.995155 0.064925 99.383492 0.215948 -0.047605 0.975244 0.412627 0.000000 0.000000 0.000000 1.000000
0.973344 0.086360 -0.212471 -0.506487 -0.074160 0.995142 0.064749 99.384514 0.217030 -0.047266 0.975020 0.417648 0.000000 0.000000 0.000000 1.000000
0.973139 0.086618 -0.213303 -0.499820 -0.074431 0.995136 0.064531 99.385918 0.217855 -0.046921 0.974853 0.422931 0.000000 0.000000 0.000000 1.000000
0.972988 0.086811 -0.213909 -0.491894 -0.074642 0.995133 0.064341 99.387314 0.218454 -0.046636 0.974732 0.428476 0.000000 0.000000 0.000000 1.000000
0.972907 0.086918 -0.214237 -0.483135 -0.074755 0.995130 0.064254 99.388756 0.218778 -0.046498 0.974666 0.434179 0.000000 0.000000 0.000000 1.000000
0.972880 0.086959 -0.214340 -0.474322 -0.074790 0.995127 0.064261 99.390312 0.218884 -0.046488 0.974643 0.439922 0.000000 0.000000 0.000000 1.000000
0.972912 0.086961 -0.214198 -0.466293 -0.074787 0.995124 0.064312 99.391754 0.218746 -0.046551 0.974671 0.445511 0.000000 0.000000 0.000000 1.000000
0.972982 0.086938 -0.213886 -0.459759 -0.074760 0.995120 0.064397 99.392693 0.218441 -0.046667 0.974734 0.450843 0.000000 0.000000 0.000000 1.000000
0.973095 0.086889 -0.213395 -0.454792 -0.074712 0.995117 0.064497 99.392738 0.217957 -0.046819 0.974835 0.456072 0.000000 0.000000 0.000000 1.000000
0.973241 0.086790 -0.212768 -0.451088 -0.074616 0.995117 0.064608 99.391991 0.217337 -0.047003 0.974964 0.461528 0.000000 0.000000 0.000000 1.000000
0.973436 0.086628 -0.211938 -0.448365 -0.074461 0.995120 0.064750 99.390808 0.216513 -0.047249 0.975136 0.467290 0.000000 0.000000 0.000000 1.000000
0.973683 0.086428 -0.210885 -0.446688 -0.074267 0.995122 0.064938 99.389580 0.215469 -0.047568 0.975351 0.473036 0.000000 0.000000 0.000000 1.000000
0.974004 0.086185 -0.209495 -0.445880 -0.074030 0.995122 0.065200 99.388664 0.214092 -0.047996 0.975634 0.478322 0.000000 0.000000 0.000000 1.000000
0.974399 0.085900 -0.207770 -0.445454 -0.073754 0.995121 0.065531 99.387939 0.212385 -0.048529 0.975980 0.483047 0.000000 0.000000 0.000000 1.000000
0.974893 0.085543 -0.205588 -0.444984 -0.073410 0.995119 0.065947 99.386909 0.210226 -0.049199 0.976414 0.487273 0.000000 0.000000 0.000000 1.000000
0.975478 0.085105 -0.202977 -0.444762 -0.072992 0.995117 0.066445 99.385231 0.207641 -0.049999 0.976926 0.490986 0.000000 0.000000 0.000000 1.000000
0.976169 0.084565 -0.199858 -0.445513 -0.072481 0.995114 0.067040 99.383118 0.204551 -0.050956 0.977529 0.493951 0.000000 0.000000 0.000000 1.000000
0.976943 0.083933 -0.196308 -0.447923 -0.071887 0.995112 0.067714 99.381386 0.201032 -0.052041 0.978201 0.496425 0.000000 0.000000 0.000000 1.000000
0.977801 0.083200 -0.192309 -0.452074 -0.071209 0.995109 0.068457 99.380898 0.197064 -0.053243 0.978944 0.499581 0.000000 0.000000 0.000000 1.000000
0.978715 0.082394 -0.187957 -0.457624 -0.070472 0.995106 0.069265 99.381302 0.192745 -0.054545 0.979732 0.505167 0.000000 0.000000 0.000000 1.000000
0.979669 0.081565 -0.183293 -0.464039 -0.069719 0.995095 0.070175 99.381119 0.188117 -0.055969 0.980551 0.514493 0.000000 0.000000 0.000000 1.000000
0.980636 0.080779 -0.178404 -0.470909 -0.069015 0.995072 0.071196 99.379234 0.183276 -0.057505 0.981378 0.527251 0.000000 0.000000 0.000000 1.000000
0.981603 0.080109 -0.173316 -0.477882 -0.068441 0.995032 0.072294 99.375648 0.178246 -0.059102 0.982209 0.541113 0.000000 0.000000 0.000000 1.000000
0.982563 0.079580 -0.168037 -0.484954 -0.068037 0.994981 0.073375 99.371475 0.173033 -0.060663 0.983046 0.553266 0.000000 0.000000 0.000000 1.000000
0.983523 0.079174 -0.162526 -0.492350 -0.067808 0.994925 0.074341 99.368332 0.167588 -0.062096 0.983900 0.562118 0.000000 0.000000 0.000000 1.000000
0.984485 0.078827 -0.156764 -0.500043 -0.067694 0.994872 0.075143 99.367607 0.161883 -0.063366 0.984773 0.568119 0.000000 0.000000 0.000000 1.000000
0.985451 0.078511 -0.150739 -0.507011 -0.067670 0.994828 0.075756 99.369720 0.155907 -0.064454 0.985667 0.572545 0.000000 0.000000 0.000000 1.000000
0.986411 0.078182 -0.144502 -0.511626 -0.067686 0.994794 0.076186 99.374222 0.149706 -0.065370 0.986567 0.575974 0.000000 0.000000 0.000000 1.000000
0.987347 0.077825 -0.138161 -0.512309 -0.067712 0.994772 0.076451 99.380363 0.143388 -0.066128 0.987455 0.577967 0.000000 0.000000 0.000000 1.000000
0.988237 0.077465 -0.131856 -0.508585 -0.067759 0.994759 0.076577 99.387512 0.137097 -0.066742 0.988307 0.577646 0.000000 0.000000 0.000000 1.000000
0.989071 0.077028 -0.125720 -0.500951 -0.067736 0.994759 0.076586 99.395248 0.130960 -0.067234 0.989105 0.574505 0.000000 0.000000 0.000000 1.000000
0.989854 0.076375 -0.119814 -0.490110 -0.067498 0.994784 0.076479 99.403038 0.125030 -0.067616 0.989846 0.568375 0.000000 0.000000 0.000000 1.000000
0.990596 0.075475 -0.114122 -0.476248 -0.067022 0.994839 0.076178 99.410416 0.119283 -0.067813 0.990542 0.558422 0.000000 0.000000 0.000000 1.000000
0.991297 0.074340 -0.108645 -0.459113 -0.066329 0.994931 0.075582 99.417183 0.113713 -0.067718 0.991203 0.543380 0.000000 0.000000 0.000000 1.000000
0.991947 0.073058 -0.103455 -0.438769 -0.065496 0.995053 0.074695 99.423447 0.108401 -0.067318 0.991825 0.523645 0.000000 0.000000 0.000000 1.000000
0.992522 0.071699 -0.098793 -0.416477 -0.064559 0.995191 0.073673 99.429047 0.103600 -0.066745 0.992377 0.503138 0.000000 0.000000 0.000000 1.000000
0.993003 0.070348 -0.094847 -0.394583 -0.063562 0.995321 0.072772 99.434265 0.099522 -0.066235 0.992828 0.487782 0.000000 0.000000 0.000000 1.000000
0.993382 0.069062 -0.091776 -0.375110 -0.062540 0.995432 0.072132 99.439079 0.096338 -0.065915 0.993164 0.480679 0.000000 0.000000 0.000000 1.000000
0.993678 0.067873 -0.089428 -0.358850 -0.061547 0.995526 0.071688 99.443359 0.093894 -0.065731 0.993410 0.481244 0.000000 0.000000 0.000000 1.000000
0.993900 0.066814 -0.087748 -0.345619 -0.060629 0.995607 0.071350 99.446793 0.092129 -0.065594 0.993584 0.487054 0.000000 0.000000 0.000000 1.000000
0.994066 0.065888 -0.086559 -0.335085 -0.059810 0.995679 0.071031 99.449257 0.090865 -0.065433 0.993711 0.495640 0.000000 0.000000 0.000000 1.000000
0.994174 0.065143 -0.085871 -0.327432 -0.059139 0.995743 0.070699 99.450798 0.090111 -0.065209 0.993795 0.505100 0.000000 0.000000 0.000000 1.000000
0.994238 0.064572 -0.085562 -0.322883 -0.058621 0.995800 0.070327 99.451828 0.089744 -0.064906 0.993848 0.513897 0.000000 0.000000 0.000000 1.000000
0.994258 0.064206 -0.085602 -0.321240 -0.058292 0.995851 0.069884 99.452652 0.089734 -0.064493 0.993875 0.521378 0.000000 0.000000 0.000000 1.000000
0.994253 0.063990 -0.085826 -0.322008 -0.058105 0.995896 0.069396 99.453247 0.089915 -0.064010 0.993890 0.528289 0.000000 0.000000 0.000000 1.000000
0.994232 0.063903 -0.086133 -0.324879 -0.058039 0.995930 0.068951 99.453575 0.090189 -0.063554 0.993895 0.536736 0.000000 0.000000 0.000000 1.000000
0.994211 0.063857 -0.086412 -0.329594 -0.058002 0.995953 0.068655 99.453644 0.090447 -0.063245 0.993891 0.549161 0.000000 0.000000 0.000000 1.000000
0.994199 0.063824 -0.086568 -0.334957 -0.057961 0.995957 0.068623 99.453751 0.090598 -0.063208 0.993880 0.566112 0.000000 0.000000 0.000000 1.000000
0.994205 0.063757 -0.086554 -0.338479 -0.057891 0.995958 0.068674 99.454048 0.090582 -0.063265 0.993877 0.585031 0.000000 0.000000 0.000000 1.000000
0.994238 0.063653 -0.086251 -0.337575 -0.057804 0.995962 0.068694 99.454666 0.090275 -0.063313 0.993902 0.601614 0.000000 0.000000 0.000000 1.000000
0.994293 0.063529 -0.085700 -0.331556 -0.057726 0.995975 0.068574 99.455505 0.089712 -0.063235 0.993958 0.613482 0.000000 0.000000 0.000000 1.000000
0.994370 0.063381 -0.084913 -0.321188 -0.057655 0.995999 0.068275 99.456589 0.088901 -0.062995 0.994046 0.621215 0.000000 0.000000 0.000000 1.000000
0.994456 0.063202 -0.084036 -0.307244 -0.057562 0.996029 0.067917 99.458107 0.087995 -0.062703 0.994145 0.626405 0.000000 0.000000 0.000000 1.000000
0.994541 0.062964 -0.083210 -0.289736 -0.057405 0.996061 0.067583 99.460251 0.087138 -0.062437 0.994238 0.630141 0.000000 0.000000 0.000000 1.000000
0.994613 0.062682 -0.082553 -0.268405 -0.057190 0.996092 0.067300 99.462891 0.086449 -0.062216 0.994312 0.632707 0.000000 0.000000 0.000000 1.000000
0.994662 0.062399 -0.082178 -0.243764 -0.056951 0.996122 0.067059 99.465561 0.086043 -0.062021 0.994359 0.634527 0.000000 0.000000 0.000000 1.000000
0.994688 0.062165 -0.082049 -0.217110 -0.056743 0.996149 0.066835 99.467949 0.085888 -0.061824 0.994385 0.636819 0.000000 0.000000 0.000000 1.000000
0.994686 0.062010 -0.082183 -0.189962 -0.056596 0.996170 0.066651 99.469872 0.086001 -0.061645 0.994386 0.641321 0.000000 0.000000 0.000000 1.000000
0.994663 0.061895 -0.082549 -0.163261 -0.056466 0.996184 0.066553 99.471161 0.086354 -0.061537 0.994362 0.649255 0.000000 0.000000 0.000000 1.000000
0.994617 0.061770 -0.083193 -0.137710 -0.056305 0.996196 0.066513 99.471695 0.086985 -0.061471 0.994311 0.660640 0.000000 0.000000 0.000000 1.000000
0.994554 0.061629 -0.084046 -0.114098 -0.056112 0.996208 0.066497 99.471420 0.087825 -0.061419 0.994241 0.673910 0.000000 0.000000 0.000000 1.000000
0.994478 0.061528 -0.085013 -0.093462 -0.055950 0.996216 0.066502 99.470062 0.088783 -0.061378 0.994158 0.686915 0.000000 0.000000 0.000000 1.000000
0.994393 0.061532 -0.085997 -0.076089 -0.055892 0.996218 0.066519 99.468300 0.089765 -0.061340 0.994072 0.698937 0.000000 0.000000 0.000000 1.000000
0.994303 0.061594 -0.086992 -0.061419 -0.055891 0.996217 0.066544 99.467087 0.090762 -0.061303 0.993984 0.711037 0.000000 0.000000 0.000000 1.000000
0.994205 0.061695 -0.088034 -0.048808 -0.055925 0.996213 0.066571 99.466087 0.091807 -0.061261 0.993891 0.724653 0.000000 0.000000 0.000000 1.000000
0.994101 0.061821 -0.089109 -0.038202 -0.055983 0.996209 0.066592 99.464905 0.092888 -0.061211 0.993793 0.740092 0.000000 0.000000 0.000000 1.000000
0.994001 0.061956 -0.090134 -0.030063 -0.056054 0.996204 0.066604 99.463440 0.093919 -0.061152 0.993700 0.756214 0.000000 0.000000 0.000000 1.000000
0.993910 0.062142 -0.091003 -0.024478 -0.056188 0.996197 0.066598 99.461731 0.094795 -0.061080 0.993621 0.771441 0.000000 0.000000 0.000000 1.000000
0.993835 0.062364 -0.091669 -0.020752 -0.056371 0.996188 0.066571 99.459755 0.095471 -0.060993 0.993562 0.785004 0.000000 0.000000 0.000000 1.000000
0.993777 0.062574 -0.092150 -0.017611 -0.056560 0.996183 0.066490 99.457809 0.095958 -0.060864 0.993523 0.797114 0.000000 0.000000 0.000000 1.000000
0.993734 0.062741 -0.092504 -0.013990 -0.056716 0.996181 0.066388 99.456245 0.096316 -0.060725 0.993497 0.808290 0.000000 0.000000 0.000000 1.000000
0.993700 0.062863 -0.092785 -0.009386 -0.056830 0.996181 0.066292 99.455421 0.096598 -0.060602 0.993477 0.818822 0.000000 0.000000 0.000000 1.000000
0.993673 0.062949 -0.093011 -0.003776 -0.056909 0.996181 0.066217 99.455223 0.096824 -0.060505 0.993461 0.828595 0.000000 0.000000 0.000000 1.000000
0.993654 0.063000 -0.093186 0.002867 -0.056956 0.996182 0.066163 99.455078 0.096998 -0.060436 0.993448 0.837300 0.000000 0.000000 0.000000 1.000000
0.993639 0.063032 -0.093317 0.010671 -0.056984 0.996183 0.066120 99.454308 0.097128 -0.060382 0.993438 0.844515 0.000000 0.000000 0.000000 1.000000
0.993628 0.063047 -0.093424 0.019719 -0.056998 0.996186 0.066066 99.452820 0.097233 -0.060320 0.993432 0.849686 0.000000 0.000000 0.000000 1.000000
0.993620 0.063047 -0.093513 0.029909 -0.057000 0.996191 0.065986 99.451088 0.097317 -0.060235 0.993429 0.852428 0.000000 0.000000 0.000000 1.000000
0.993615 0.063039 -0.093565 0.040897 -0.056998 0.996198 0.065890 99.449669 0.097363 -0.060136 0.993430 0.852709 0.000000 0.000000 0.000000 1.000000
0.993616 0.063027 -0.093570 0.052086 -0.056998 0.996206 0.065768 99.449028 0.097360 -0.060015 0.993438 0.850878 0.000000 0.000000 0.000000 1.000000
0.993625 0.063015 -0.093477 0.062866 -0.057005 0.996214 0.065634 99.449104 0.097259 -0.059887 0.993456 0.847379 0.000000 0.000000 0.000000 1.000000
0.993646 0.063004 -0.093259 0.072856 -0.057020 0.996222 0.065495 99.449692 0.097033 -0.059762 0.993485 0.842666 0.000000 0.000000 0.000000 1.000000
0.993676 0.062998 -0.092948 0.081858 -0.057046 0.996230 0.065357 99.450508 0.096715 -0.059642 0.993524 0.837126 0.000000 0.000000 0.000000 1.000000
0.993712 0.062998 -0.092562 0.089773 -0.057082 0.996236 0.065230 99.451492 0.096323 -0.059536 0.993568 0.831068 0.000000 0.000000 0.000000 1.000000
0.993749 0.063020 -0.092149 0.096460 -0.057139 0.996240 0.065118 99.452667 0.095906 -0.059445 0.993614 0.824719 0.000000 0.000000 0.000000 1.000000
0.993784 0.063056 -0.091749 0.101843 -0.057207 0.996241 0.065048 99.454224 0.095506 -0.059395 0.993655 0.818311 0.000000 0.000000 0.000000 1.000000
0.993813 0.063100 -0.091397 0.105866 -0.057275 0.996239 0.065021 99.455948 0.095156 -0.059384 0.993690 0.812283 0.000000 0.000000 0.000000 1.000000
0.993834 0.063158 -0.091132 0.108660 -0.057349 0.996235 0.065014 99.457443 0.094895 -0.059387 0.993714 0.807226 0.000000 0.000000 0.000000 1.000000
0.993845 0.063235 -0.090959 0.110428 -0.057438 0.996231 0.065005 99.458473 0.094726 -0.059381 0.993731 0.803496 0.000000 0.000000 0.000000 1.000000
0.993839 0.063334 -0.090958 0.111281 -0.057537 0.996225 0.065005 99.458992 0.094732 -0.059371 0.993731 0.801026 0.000000 0.000000 0.000000 1.000000
0.993836 0.063373 -0.090957 0.111430 -0.057576 0.996223 0.065005 99.459000 0.094733 -0.059367 0.993731 0.799313 0.000000 0.000000 0.000000 1.000000</float_array>
        <technique_common>
          <accessor source="#mixamorig2_Hips-Matrix-animation-output-transform-array" count="124" stride="16">
            <param type="float4x4"/>
          </accessor>
        </technique_common>
      </source>
      <source id="mixamorig2_Hips-Interpolations">
        <Name_array id="mixamorig2_Hips-Interpolations-array" count="124">
 LINEAR LINEAR LINEAR LINEAR LINEAR LINEAR LINEAR LINEAR LINEAR LINEAR LINEAR
LINEAR LINEAR LINEAR LINEAR LINEAR LINEAR LINEAR LINEAR LINEAR LINEAR LINEAR LINEAR
LINEAR LINEAR LINEAR LINEAR LINEAR LINEAR LINEAR LINEAR LINEAR LINEAR LINEAR LINEAR
LINEAR LINEAR LINEAR LINEAR LINEAR LINEAR LINEAR LINEAR LINEAR LINEAR LINEAR LINEAR
LINEAR LINEAR LINEAR LINEAR LINEAR LINEAR LINEAR LINEAR LINEAR LINEAR LINEAR LINEAR
LINEAR LINEAR LINEAR LINEAR LINEAR LINEAR LINEAR LINEAR LINEAR LINEAR LINEAR LINEAR
LINEAR LINEAR LINEAR LINEAR LINEAR LINEAR LINEAR LINEAR LINEAR LINEAR LINEAR LINEAR
LINEAR LINEAR LINEAR LINEAR LINEAR LINEAR LINEAR LINEAR LINEAR LINEAR LINEAR LINEAR
LINEAR LINEAR LINEAR LINEAR LINEAR LINEAR LINEAR LINEAR LINEAR LINEAR LINEAR LINEAR
LINEAR LINEAR LINEAR LINEAR LINEAR LINEAR LINEAR LINEAR LINEAR LINEAR LINEAR LINEAR
LINEAR LINEAR LINEAR LINEAR LINEAR</Name_array>
        <technique_common>
          <accessor source="#mixamorig2_Hips-Interpolations-array" count="124">
            <param type="name"/>
          </accessor>
        </technique_common>
      </source>
      <sampler id="mixamorig2_Hips-Matrix-animation-transform">
        <input semantic="INPUT" source="#mixamorig2_Hips-Matrix-animation-input"/>
        <input semantic="OUTPUT" source="#mixamorig2_Hips-Matrix-animation-output-transform"/>
        <input semantic="INTERPOLATION" source="#mixamorig2_Hips-Interpolations"/>
      </sampler>
      <channel source="#mixamorig2_Hips-Matrix-animation-transform" target="mixamorig2_Hips/matrix"/>
    </animation>
    <animation id="mixamorig2_Spine-anim" name="mixamorig2_Spine">
      <source id="mixamorig2_Spine-Matrix-animation-input">
        <float_array id="mixamorig2_Spine-Matrix-animation-input-array" count="124">

0.000000 0.033333 0.066667 0.100000 0.133333 0.166667 0.200000 0.233333 0.266667 0.300000 0.333333 0.366667 0.400000 0.433333 0.466667 0.500000
0.533333 0.566667 0.600000 0.633333 0.666667 0.700000 0.733333 0.766667 0.800000 0.833333 0.866667 0.900000 0.933333 0.966667 1.000000 1.033333
1.066667 1.100000 1.133333 1.166667 1.200000 1.233333 1.266667 1.300000 1.333333 1.366667 1.400000 1.433333 1.466667 1.500000 1.533333 1.566667
1.600000 1.633333 1.666667 1.700000 1.733333 1.766667 1.800000 1.833333 1.866667 1.900000 1.933333 1.966667 2.000000 2.033333 2.066667 2.100000
2.133333 2.166667 2.200000 2.233333 2.266667 2.300000 2.333333 2.366667 2.400000 2.433333 2.466667 2.500000 2.533333 2.566667 2.600000 2.633333
2.666667 2.700000 2.733333 2.766667 2.800000 2.833333 2.866667 2.900000 2.933333 2.966667 3.000000 3.033333 3.066667 3.100000 3.133333 3.166667
3.200000 3.233333 3.266667 3.300000 3.333333 3.366667 3.400000 3.433333 3.466667 3.500000 3.533333 3.566667 3.600000 3.633333 3.666667 3.700000
3.733333 3.766667 3.800000 3.833333 3.866667 3.900000 3.933333 3.966667 4.000000 4.033333 4.066667 4.100000</float_array>
        <technique_common>
          <accessor source="#mixamorig2_Spine-Matrix-animation-input-array" count="124">
            <param name="TIME" type="float"/>
          </accessor>
        </technique_common>
      </source>
      <source id="mixamorig2_Spine-Matrix-animation-output-transform">
        <float_array id="mixamorig2_Spine-Matrix-animation-output-transform-array" count="1984">

0.998585 -0.046726 0.025378 0.000000 0.047373 0.998551 -0.025513 8.951200 -0.024149 0.026679 0.999352 -0.286600 0.000000 0.000000 0.000000 1.000000
0.998586 -0.046712 0.025378 0.000000 0.047359 0.998552 -0.025513 8.951200 -0.024150 0.026679 0.999352 -0.286600 0.000000 0.000000 0.000000 1.000000
0.998587 -0.046696 0.025379 0.000000 0.047343 0.998553 -0.025514 8.951200 -0.024151 0.026679 0.999352 -0.286600 0.000000 0.000000 0.000000 1.000000
0.998588 -0.046667 0.025380 0.000000 0.047314 0.998554 -0.025515 8.951200 -0.024152 0.026679 0.999352 -0.286600 0.000000 0.000000 0.000000 1.000000
0.998588 -0.046661 0.025380 0.000000 0.047307 0.998555 -0.025497 8.951200 -0.024153 0.026662 0.999353 -0.286600 0.000000 0.000000 0.000000 1.000000
0.998588 -0.046671 0.025379 -0.000000 0.047317 0.998555 -0.025474 8.951200 -0.024154 0.026639 0.999353 -0.286600 0.000000 0.000000 0.000000 1.000000
0.998587 -0.046683 0.025378 0.000000 0.047329 0.998555 -0.025458 8.951200 -0.024153 0.026623 0.999354 -0.286600 0.000000 0.000000 0.000000 1.000000
0.998587 -0.046703 0.025351 0.000000 0.047347 0.998555 -0.025439 8.951200 -0.024126 0.026604 0.999355 -0.286600 0.000000 0.000000 0.000000 1.000000
0.998589 -0.046722 0.025226 0.000000 0.047362 0.998555 -0.025410 8.951200 -0.024002 0.026569 0.999359 -0.286600 0.000000 0.000000 0.000000 1.000000
0.998594 -0.046724 0.025029 0.000000 0.047358 0.998556 -0.025358 8.951200 -0.023808 0.026508 0.999365 -0.286600 0.000000 0.000000 0.000000 1.000000
0.998601 -0.046703 0.024781 -0.000000 0.047328 0.998560 -0.025257 8.951200 -0.023565 0.026394 0.999374 -0.286600 0.000000 0.000000 0.000000 1.000000
0.998610 -0.046671 0.024494 -0.000000 0.047285 0.998565 -0.025130 8.951200 -0.023286 0.026253 0.999384 -0.286600 0.000000 0.000000 0.000000 1.000000
0.998619 -0.046637 0.024191 0.000000 0.047241 0.998570 -0.025029 8.951200 -0.022989 0.026137 0.999394 -0.286600 0.000000 0.000000 0.000000 1.000000
0.998628 -0.046603 0.023880 -0.000000 0.047197 0.998574 -0.024963 8.951200 -0.022682 0.026056 0.999403 -0.286600 0.000000 0.000000 0.000000 1.000000
0.998637 -0.046568 0.023567 0.000000 0.047153 0.998577 -0.024904 8.951200 -0.022374 0.025982 0.999412 -0.286600 0.000000 0.000000 0.000000 1.000000
0.998646 -0.046533 0.023265 0.000000 0.047108 0.998582 -0.024812 8.951200 -0.022078 0.025874 0.999421 -0.286600 0.000000 0.000000 0.000000 1.000000
0.998654 -0.046498 0.022987 0.000000 0.047062 0.998588 -0.024649 8.951200 -0.021808 0.025697 0.999432 -0.286600 0.000000 0.000000 0.000000 1.000000
0.998661 -0.046460 0.022740 0.000000 0.047013 0.998595 -0.024440 8.951200 -0.021573 0.025476 0.999443 -0.286600 0.000000 0.000000 0.000000 1.000000
0.998669 -0.046413 0.022515 0.000000 0.046957 0.998603 -0.024234 8.951200 -0.021358 0.025259 0.999453 -0.286600 0.000000 0.000000 0.000000 1.000000
0.998676 -0.046355 0.022294 0.000000 0.046889 0.998610 -0.024063 8.951200 -0.021148 0.025076 0.999462 -0.286600 0.000000 0.000000 0.000000 1.000000
0.998685 -0.046262 0.022076 0.000000 0.046787 0.998618 -0.023920 8.951200 -0.020939 0.024922 0.999470 -0.286600 0.000000 0.000000 0.000000 1.000000
0.998695 -0.046151 0.021860 0.000000 0.046669 0.998627 -0.023789 8.951200 -0.020733 0.024778 0.999478 -0.286600 0.000000 0.000000 0.000000 1.000000
0.998705 -0.046044 0.021647 0.000000 0.046554 0.998636 -0.023657 8.951200 -0.020528 0.024634 0.999486 -0.286600 0.000000 0.000000 0.000000 1.000000
0.998715 -0.045930 0.021433 0.000000 0.046431 0.998644 -0.023523 8.951200 -0.020324 0.024488 0.999494 -0.286600 0.000000 0.000000 0.000000 1.000000
0.998725 -0.045806 0.021215 0.000000 0.046300 0.998654 -0.023387 8.951200 -0.020115 0.024340 0.999501 -0.286600 0.000000 0.000000 0.000000 1.000000
0.998736 -0.045678 0.020994 0.000000 0.046163 0.998663 -0.023250 8.951200 -0.019904 0.024189 0.999509 -0.286600 0.000000 0.000000 0.000000 1.000000
0.998746 -0.045550 0.020780 0.000000 0.046028 0.998673 -0.023118 8.951200 -0.019699 0.024046 0.999517 -0.286600 0.000000 0.000000 0.000000 1.000000
0.998755 -0.045426 0.020591 0.000000 0.045897 0.998681 -0.023011 8.951200 -0.019519 0.023927 0.999523 -0.286600 0.000000 0.000000 0.000000 1.000000
0.998764 -0.045303 0.020446 0.000000 0.045769 0.998688 -0.022950 8.951200 -0.019379 0.023858 0.999528 -0.286600 0.000000 0.000000 0.000000 1.000000
0.998771 -0.045187 0.020340 0.000000 0.045650 0.998695 -0.022918 8.951200 -0.019278 0.023818 0.999530 -0.286600 0.000000 0.000000 0.000000 1.000000
0.998777 -0.045096 0.020254 0.000000 0.045557 0.998699 -0.022895 8.951200 -0.019195 0.023789 0.999533 -0.286600 0.000000 0.000000 0.000000 1.000000
0.998781 -0.045044 0.020167 0.000000 0.045502 0.998702 -0.022880 8.951200 -0.019110 0.023770 0.999535 -0.286600 0.000000 0.000000 0.000000 1.000000
0.998784 -0.045029 0.020075 -0.000000 0.045485 0.998703 -0.022872 8.951200 -0.019019 0.023758 0.999537 -0.286600 0.000000 0.000000 0.000000 1.000000
0.998786 -0.045027 0.019979 0.000000 0.045481 0.998703 -0.022870 8.951200 -0.018924 0.023751 0.999539 -0.286600 0.000000 0.000000 0.000000 1.000000
0.998787 -0.045029 0.019916 0.000000 0.045481 0.998703 -0.022872 8.951200 -0.018860 0.023750 0.999540 -0.286600 0.000000 0.000000 0.000000 1.000000
0.998788 -0.045031 0.019876 -0.000000 0.045483 0.998703 -0.022876 8.951200 -0.018820 0.023752 0.999541 -0.286600 0.000000 0.000000 0.000000 1.000000
0.998788 -0.045036 0.019845 -0.000000 0.045487 0.998703 -0.022882 8.951200 -0.018789 0.023756 0.999541 -0.286600 0.000000 0.000000 0.000000 1.000000
0.998789 -0.045040 0.019821 -0.000000 0.045490 0.998703 -0.022887 8.951200 -0.018764 0.023761 0.999542 -0.286600 0.000000 0.000000 0.000000 1.000000
0.998789 -0.045043 0.019805 -0.000000 0.045493 0.998702 -0.022896 8.951200 -0.018748 0.023769 0.999542 -0.286600 0.000000 0.000000 0.000000 1.000000
0.998789 -0.045043 0.019797 0.000000 0.045494 0.998701 -0.022930 8.951200 -0.018738 0.023803 0.999541 -0.286600 0.000000 0.000000 0.000000 1.000000
0.998789 -0.045041 0.019798 0.000000 0.045493 0.998700 -0.022983 8.951200 -0.018737 0.023856 0.999540 -0.286600 0.000000 0.000000 0.000000 1.000000
0.998789 -0.045039 0.019806 0.000000 0.045492 0.998699 -0.023045 8.951200 -0.018743 0.023918 0.999538 -0.286600 0.000000 0.000000 0.000000 1.000000
0.998789 -0.045036 0.019825 0.000000 0.045490 0.998697 -0.023112 8.951200 -0.018758 0.023986 0.999536 -0.286600 0.000000 0.000000 0.000000 1.000000
0.998788 -0.045030 0.019851 0.000000 0.045487 0.998696 -0.023187 8.951200 -0.018781 0.024062 0.999534 -0.286600 0.000000 0.000000 0.000000 1.000000
0.998788 -0.045020 0.019900 0.000000 0.045480 0.998694 -0.023266 8.951200 -0.018826 0.024143 0.999531 -0.286600 0.000000 0.000000 0.000000 1.000000
0.998787 -0.044999 0.019974 -0.000000 0.045462 0.998693 -0.023349 8.951200 -0.018897 0.024228 0.999528 -0.286600 0.000000 0.000000 0.000000 1.000000
0.998787 -0.044971 0.020035 -0.000000 0.045437 0.998692 -0.023431 8.951200 -0.018956 0.024313 0.999525 -0.286600 0.000000 0.000000 0.000000 1.000000
0.998788 -0.044941 0.020075 0.000000 0.045409 0.998692 -0.023513 8.951200 -0.018992 0.024396 0.999522 -0.286600 0.000000 0.000000 0.000000 1.000000
0.998789 -0.044905 0.020099 0.000000 0.045376 0.998691 -0.023605 8.951200 -0.019013 0.024488 0.999519 -0.286600 0.000000 0.000000 0.000000 1.000000
0.998791 -0.044859 0.020117 0.000000 0.045332 0.998690 -0.023717 8.951200 -0.019027 0.024600 0.999516 -0.286600 0.000000 0.000000 0.000000 1.000000
0.998793 -0.044794 0.020138 0.000000 0.045271 0.998690 -0.023861 8.951200 -0.019042 0.024744 0.999512 -0.286600 0.000000 0.000000 0.000000 1.000000
0.998796 -0.044728 0.020167 0.000000 0.045209 0.998689 -0.024019 8.951200 -0.019066 0.024902 0.999508 -0.286600 0.000000 0.000000 0.000000 1.000000
0.998797 -0.044680 0.020216 0.000000 0.045164 0.998687 -0.024161 8.951200 -0.019110 0.025045 0.999504 -0.286600 0.000000 0.000000 0.000000 1.000000
0.998797 -0.044645 0.020307 -0.000000 0.045133 0.998686 -0.024264 8.951200 -0.019197 0.025151 0.999499 -0.286600 0.000000 0.000000 0.000000 1.000000
0.998794 -0.044628 0.020456 -0.000000 0.045121 0.998685 -0.024333 8.951200 -0.019344 0.025227 0.999495 -0.286600 0.000000 0.000000 0.000000 1.000000
0.998791 -0.044613 0.020661 -0.000000 0.045113 0.998684 -0.024396 8.951200 -0.019545 0.025298 0.999489 -0.286600 0.000000 0.000000 0.000000 1.000000
0.998786 -0.044603 0.020930 -0.000000 0.045111 0.998682 -0.024478 8.951200 -0.019810 0.025392 0.999481 -0.286600 0.000000 0.000000 0.000000 1.000000
0.998779 -0.044585 0.021258 0.000000 0.045104 0.998680 -0.024593 8.951200 -0.020134 0.025522 0.999472 -0.286600 0.000000 0.000000 0.000000 1.000000
0.998773 -0.044547 0.021634 0.000000 0.045077 0.998678 -0.024685 8.951200 -0.020506 0.025630 0.999461 -0.286600 0.000000 0.000000 0.000000 1.000000
0.998768 -0.044461 0.022026 0.000000 0.045002 0.998681 -0.024715 8.951200 -0.020898 0.025675 0.999452 -0.286600 0.000000 0.000000 0.000000 1.000000
0.998767 -0.044307 0.022391 0.000000 0.044858 0.998688 -0.024717 8.951200 -0.021267 0.025691 0.999444 -0.286600 0.000000 0.000000 0.000000 1.000000
0.998768 -0.044120 0.022703 -0.000000 0.044678 0.998696 -0.024693 8.951200 -0.021584 0.025677 0.999437 -0.286600 0.000000 0.000000 0.000000 1.000000
0.998770 -0.043951 0.022966 0.000000 0.044514 0.998705 -0.024631 8.951200 -0.021854 0.025623 0.999433 -0.286600 0.000000 0.000000 0.000000 1.000000
0.998769 -0.043848 0.023212 0.000000 0.044415 0.998712 -0.024509 8.951200 -0.022107 0.025510 0.999430 -0.286600 0.000000 0.000000 0.000000 1.000000
0.998764 -0.043810 0.023474 0.000000 0.044382 0.998716 -0.024410 8.951200 -0.022374 0.025422 0.999426 -0.286600 0.000000 0.000000 0.000000 1.000000
0.998759 -0.043786 0.023748 -0.000000 0.044364 0.998719 -0.024352 8.951200 -0.022652 0.025376 0.999421 -0.286600 0.000000 0.000000 0.000000 1.000000
0.998753 -0.043778 0.023993 0.000000 0.044361 0.998720 -0.024312 8.951200 -0.022898 0.025346 0.999416 -0.286600 0.000000 0.000000 0.000000 1.000000
0.998748 -0.043796 0.024156 0.000000 0.044382 0.998720 -0.024278 8.951200 -0.023062 0.025319 0.999413 -0.286600 0.000000 0.000000 0.000000 1.000000
0.998744 -0.043851 0.024233 0.000000 0.044438 0.998718 -0.024250 8.951200 -0.023139 0.025296 0.999412 -0.286600 0.000000 0.000000 0.000000 1.000000
0.998737 -0.043982 0.024285 -0.000000 0.044570 0.998712 -0.024228 8.951200 -0.023188 0.025280 0.999411 -0.286600 0.000000 0.000000 0.000000 1.000000
0.998729 -0.044144 0.024331 0.000000 0.044733 0.998706 -0.024212 8.951200 -0.023231 0.025270 0.999411 -0.286600 0.000000 0.000000 0.000000 1.000000
0.998719 -0.044325 0.024396 0.000000 0.044915 0.998698 -0.024203 8.951200 -0.023292 0.025268 0.999409 -0.286600 0.000000 0.000000 0.000000 1.000000
0.998708 -0.044511 0.024521 0.000000 0.045104 0.998689 -0.024199 8.951200 -0.023412 0.025274 0.999406 -0.286600 0.000000 0.000000 0.000000 1.000000
0.998696 -0.044688 0.024664 -0.000000 0.045285 0.998681 -0.024201 8.951200 -0.023550 0.025287 0.999403 -0.286600 0.000000 0.000000 0.000000 1.000000
0.998686 -0.044845 0.024786 -0.000000 0.045445 0.998673 -0.024209 8.951200 -0.023667 0.025304 0.999400 -0.286600 0.000000 0.000000 0.000000 1.000000
0.998679 -0.044976 0.024867 -0.000000 0.045579 0.998667 -0.024224 8.951200 -0.023744 0.025325 0.999397 -0.286600 0.000000 0.000000 0.000000 1.000000
0.998672 -0.045097 0.024924 0.000000 0.045702 0.998661 -0.024245 8.951200 -0.023797 0.025352 0.999395 -0.286600 0.000000 0.000000 0.000000 1.000000
0.998665 -0.045224 0.024974 0.000000 0.045831 0.998654 -0.024273 8.951200 -0.023843 0.025385 0.999393 -0.286600 0.000000 0.000000 0.000000 1.000000
0.998657 -0.045359 0.025043 0.000000 0.045968 0.998647 -0.024332 8.951200 -0.023905 0.025451 0.999390 -0.286600 0.000000 0.000000 0.000000 1.000000
0.998648 -0.045481 0.025166 -0.000000 0.046096 0.998639 -0.024406 8.951200 -0.024022 0.025533 0.999385 -0.286600 0.000000 0.000000 0.000000 1.000000
0.998640 -0.045577 0.025322 0.000000 0.046198 0.998632 -0.024489 8.951200 -0.024172 0.025626 0.999379 -0.286600 0.000000 0.000000 0.000000 1.000000
0.998633 -0.045627 0.025491 0.000000 0.046254 0.998627 -0.024607 8.951200 -0.024333 0.025752 0.999372 -0.286600 0.000000 0.000000 0.000000 1.000000
0.998628 -0.045666 0.025643 0.000000 0.046301 0.998621 -0.024746 8.951200 -0.024477 0.025899 0.999365 -0.286600 0.000000 0.000000 0.000000 1.000000
0.998625 -0.045696 0.025697 -0.000000 0.046336 0.998616 -0.024876 8.951200 -0.024524 0.026033 0.999360 -0.286600 0.000000 0.000000 0.000000 1.000000
0.998623 -0.045723 0.025725 -0.000000 0.046366 0.998612 -0.024973 8.951200 -0.024548 0.026132 0.999357 -0.286600 0.000000 0.000000 0.000000 1.000000
0.998621 -0.045752 0.025728 0.000000 0.046396 0.998610 -0.025024 8.951200 -0.024547 0.026183 0.999356 -0.286600 0.000000 0.000000 0.000000 1.000000
0.998620 -0.045782 0.025714 0.000000 0.046427 0.998607 -0.025059 8.951200 -0.024530 0.026218 0.999355 -0.286600 0.000000 0.000000 0.000000 1.000000
0.998620 -0.045814 0.025685 -0.000000 0.046459 0.998605 -0.025083 8.951200 -0.024500 0.026241 0.999355 -0.286600 0.000000 0.000000 0.000000 1.000000
0.998619 -0.045847 0.025649 0.000000 0.046491 0.998603 -0.025095 8.951200 -0.024463 0.026253 0.999356 -0.286600 0.000000 0.000000 0.000000 1.000000
0.998619 -0.045885 0.025579 0.000000 0.046528 0.998601 -0.025106 8.951200 -0.024391 0.026261 0.999358 -0.286600 0.000000 0.000000 0.000000 1.000000
0.998618 -0.045936 0.025524 0.000000 0.046577 0.998599 -0.025115 8.951200 -0.024334 0.026269 0.999359 -0.286600 0.000000 0.000000 0.000000 1.000000
0.998615 -0.046030 0.025483 -0.000000 0.046670 0.998594 -0.025123 8.951200 -0.024291 0.026277 0.999360 -0.286600 0.000000 0.000000 0.000000 1.000000
0.998611 -0.046124 0.025480 0.000000 0.046764 0.998590 -0.025130 8.951200 -0.024285 0.026286 0.999359 -0.286600 0.000000 0.000000 0.000000 1.000000
0.998610 -0.046147 0.025479 -0.000000 0.046788 0.998589 -0.025136 8.951200 -0.024283 0.026293 0.999359 -0.286600 0.000000 0.000000 0.000000 1.000000
0.998609 -0.046162 0.025478 0.000000 0.046802 0.998588 -0.025141 8.951200 -0.024281 0.026298 0.999359 -0.286600 0.000000 0.000000 0.000000 1.000000
0.998609 -0.046160 0.025477 0.000000 0.046801 0.998588 -0.025147 8.951200 -0.024280 0.026304 0.999359 -0.286600 0.000000 0.000000 0.000000 1.000000
0.998609 -0.046154 0.025477 0.000000 0.046794 0.998588 -0.025152 8.951200 -0.024280 0.026309 0.999359 -0.286600 0.000000 0.000000 0.000000 1.000000
0.998609 -0.046160 0.025476 0.000000 0.046801 0.998587 -0.025157 8.951200 -0.024279 0.026314 0.999359 -0.286600 0.000000 0.000000 0.000000 1.000000
0.998609 -0.046172 0.025475 -0.000000 0.046813 0.998587 -0.025162 8.951200 -0.024277 0.026319 0.999359 -0.286600 0.000000 0.000000 0.000000 1.000000
0.998608 -0.046182 0.025473 0.000000 0.046823 0.998586 -0.025166 8.951200 -0.024275 0.026324 0.999359 -0.286600 0.000000 0.000000 0.000000 1.000000
0.998608 -0.046191 0.025471 -0.000000 0.046832 0.998586 -0.025171 8.951200 -0.024272 0.026329 0.999359 -0.286600 0.000000 0.000000 0.000000 1.000000
0.998607 -0.046204 0.025470 0.000000 0.046845 0.998585 -0.025176 8.951200 -0.024270 0.026334 0.999359 -0.286600 0.000000 0.000000 0.000000 1.000000
0.998606 -0.046223 0.025469 -0.000000 0.046864 0.998584 -0.025181 8.951200 -0.024269 0.026340 0.999358 -0.286600 0.000000 0.000000 0.000000 1.000000
0.998606 -0.046241 0.025468 0.000000 0.046883 0.998583 -0.025187 8.951200 -0.024267 0.026346 0.999358 -0.286600 0.000000 0.000000 0.000000 1.000000
0.998605 -0.046256 0.025468 -0.000000 0.046897 0.998582 -0.025194 8.951200 -0.024266 0.026353 0.999358 -0.286600 0.000000 0.000000 0.000000 1.000000
