<?xml version="1.0" encoding="utf-8"?>
<COLLADA xmlns="http://www.collada.org/2005/11/COLLADASchema" version="1.4.1">
  <asset>
    <contributor>
      <author>Mixamo</author>
      <authoring_tool>COLLADA Mixamo exporter</authoring_tool>
      <comments/>
    </contributor>
    <created>2023-03-17T22:31:21Z</created>
    <modified>2023-03-17T22:31:21Z</modified>
    <revision/>
    <title/>
    <unit meter="0.010000"/>
    <up_axis>Y_UP</up_axis>
  </asset>
  <library_animations>
    <animation id="mixamorig2_Hips-anim" name="mixamorig2_Hips">
      <source id="mixamorig2_Hips-Matrix-animation-input">
        <float_array id="mixamorig2_Hips-Matrix-animation-input-array" count="143">

0.000000 0.033333 0.066667 0.100000 0.133333 0.166667 0.200000 0.233333 0.266667 0.300000 0.333333 0.366667 0.400000 0.433333 0.466667 0.500000
0.533333 0.566667 0.600000 0.633333 0.666667 0.700000 0.733333 0.766667 0.800000 0.833333 0.866667 0.900000 0.933333 0.966667 1.000000 1.033333
1.066667 1.100000 1.133333 1.166667 1.200000 1.233333 1.266667 1.300000 1.333333 1.366667 1.400000 1.433333 1.466667 1.500000 1.533333 1.566667
1.600000 1.633333 1.666667 1.700000 1.733333 1.766667 1.800000 1.833333 1.866667 1.900000 1.933333 1.966667 2.000000 2.033333 2.066667 2.100000
2.133333 2.166667 2.200000 2.233333 2.266667 2.300000 2.333333 2.366667 2.400000 2.433333 2.466667 2.500000 2.533333 2.566667 2.600000 2.633333
2.666667 2.700000 2.733333 2.766667 2.800000 2.833333 2.866667 2.900000 2.933333 2.966667 3.000000 3.033333 3.066667 3.100000 3.133333 3.166667
3.200000 3.233333 3.266667 3.300000 3.333333 3.366667 3.400000 3.433333 3.466667 3.500000 3.533333 3.566667 3.600000 3.633333 3.666667 3.700000
3.733333 3.766667 3.800000 3.833333 3.866667 3.900000 3.933333 3.966667 4.000000 4.033333 4.066667 4.100000 4.133333 4.166667 4.200000 4.233333
4.266667 4.300000 4.333333 4.366667 4.400000 4.433333 4.466667 4.500000 4.533333 4.566667 4.600000 4.633333 4.666667 4.700000 4.733333</float_array>
        <technique_common>
          <accessor source="#mixamorig2_Hips-Matrix-animation-input-array" count="143">
            <param name="TIME" type="float"/>
          </accessor>
        </technique_common>
      </source>
      <source id="mixamorig2_Hips-Matrix-animation-output-transform">
        <float_array id="mixamorig2_Hips-Matrix-animation-output-transform-array" count="2288">

0.999966 0.000748 0.008229 0.033418 -0.001143 0.998843 0.048071 100.245399 -0.008183 -0.048079 0.998810 1.677047 0.000000 0.000000 0.000000 1.000000
0.999970 0.000799 0.007718 0.036109 -0.001173 0.998821 0.048541 100.247559 -0.007670 -0.048549 0.998791 1.704819 0.000000 0.000000 0.000000 1.000000
0.999975 0.000857 0.007036 0.033013 -0.001201 0.998798 0.048994 100.248192 -0.006986 -0.049001 0.998774 1.730508 0.000000 0.000000 0.000000 1.000000
0.999979 0.000890 0.006437 0.031673 -0.001204 0.998800 0.048951 100.248672 -0.006386 -0.048958 0.998780 1.748945 0.000000 0.000000 0.000000 1.000000
0.999982 0.000864 0.005889 0.023495 -0.001150 0.998810 0.048748 100.248726 -0.005839 -0.048754 0.998794 1.762435 0.000000 0.000000 0.000000 1.000000
0.999984 0.000607 0.005576 0.022571 -0.000879 0.998802 0.048936 100.249985 -0.005540 -0.048940 0.998786 1.779488 0.000000 0.000000 0.000000 1.000000
0.999987 0.000497 0.005090 0.019759 -0.000746 0.998795 0.049072 100.252197 -0.005059 -0.049075 0.998782 1.802918 0.000000 0.000000 0.000000 1.000000
0.999988 0.000482 0.004822 0.012293 -0.000717 0.998805 0.048867 100.250748 -0.004793 -0.048870 0.998794 1.824079 0.000000 0.000000 0.000000 1.000000
0.999989 -0.000048 0.004714 0.004298 -0.000182 0.998809 0.048782 100.248238 -0.004711 -0.048782 0.998798 1.840849 0.000000 0.000000 0.000000 1.000000
0.999991 -0.000462 0.004119 -0.008411 0.000261 0.998818 0.048599 100.246696 -0.004137 -0.048598 0.998810 1.860892 0.000000 0.000000 0.000000 1.000000
0.999991 -0.000981 0.004059 -0.030803 0.000786 0.998853 0.047879 100.244644 -0.004102 -0.047875 0.998845 1.889326 0.000000 0.000000 0.000000 1.000000
0.999986 -0.001335 0.005076 -0.055354 0.001096 0.998904 0.046787 100.243912 -0.005133 -0.046781 0.998892 1.926483 0.000000 0.000000 0.000000 1.000000
0.999983 -0.001755 0.005556 -0.067823 0.001500 0.998960 0.045572 100.245430 -0.005630 -0.045563 0.998946 1.961853 0.000000 0.000000 0.000000 1.000000
0.999989 -0.001802 0.004394 -0.067926 0.001607 0.999025 0.044119 100.248528 -0.004470 -0.044112 0.999017 2.003572 0.000000 0.000000 0.000000 1.000000
0.999996 -0.001142 0.002405 -0.055972 0.001037 0.999064 0.043253 100.248032 -0.002452 -0.043251 0.999061 2.049255 0.000000 0.000000 0.000000 1.000000
0.999999 -0.000758 -0.001210 -0.001636 0.000810 0.999036 0.043898 100.248589 0.001176 -0.043899 0.999035 2.097646 0.000000 0.000000 0.000000 1.000000
0.999984 -0.000423 -0.005705 0.071895 0.000677 0.999003 0.044640 100.249252 0.005680 -0.044643 0.998987 2.134692 0.000000 0.000000 0.000000 1.000000
0.999957 0.000123 -0.009284 0.152488 0.000302 0.998951 0.045793 100.252213 0.009280 -0.045794 0.998908 2.155826 0.000000 0.000000 0.000000 1.000000
0.999933 0.000463 -0.011594 0.238376 0.000084 0.998888 0.047149 100.253410 0.011603 -0.047147 0.998821 2.167653 0.000000 0.000000 0.000000 1.000000
0.999919 0.000784 -0.012701 0.309801 -0.000164 0.998813 0.048699 100.253471 0.012724 -0.048693 0.998733 2.180656 0.000000 0.000000 0.000000 1.000000
0.999909 0.001231 -0.013401 0.356545 -0.000555 0.998731 0.050350 100.253807 0.013446 -0.050338 0.998642 2.197519 0.000000 0.000000 0.000000 1.000000
0.999908 0.001394 -0.013485 0.378168 -0.000688 0.998636 0.052203 100.257599 0.013539 -0.052189 0.998545 2.216372 0.000000 0.000000 0.000000 1.000000
0.999906 0.001490 -0.013658 0.378814 -0.000752 0.998551 0.053815 100.263153 0.013718 -0.053800 0.998458 2.235288 0.000000 0.000000 0.000000 1.000000
0.999896 0.001594 -0.014318 0.356534 -0.000808 0.998499 0.054760 100.275902 0.014384 -0.054743 0.998397 2.260656 0.000000 0.000000 0.000000 1.000000
0.999872 0.001016 -0.015980 0.310215 -0.000136 0.998486 0.055001 100.288300 0.016011 -0.054992 0.998358 2.294326 0.000000 0.000000 0.000000 1.000000
0.999838 0.000301 -0.018002 0.233836 0.000702 0.998448 0.055690 100.300514 0.017991 -0.055694 0.998286 2.358517 0.000000 0.000000 0.000000 1.000000
0.999787 0.000320 -0.020643 0.138144 0.000842 0.998416 0.056253 100.309700 0.020628 -0.056258 0.998203 2.440029 0.000000 0.000000 0.000000 1.000000
0.999692 0.001456 -0.024777 0.026747 -0.000046 0.998385 0.056810 100.313965 0.024820 -0.056791 0.998078 2.528494 0.000000 0.000000 0.000000 1.000000
0.999501 0.002779 -0.031468 -0.074397 -0.000989 0.998388 0.056756 100.314255 0.031575 -0.056697 0.997892 2.610403 0.000000 0.000000 0.000000 1.000000
0.999298 0.003458 -0.037313 -0.152106 -0.001327 0.998374 0.056990 100.308922 0.037450 -0.056901 0.997677 2.695535 0.000000 0.000000 0.000000 1.000000
0.999140 0.004438 -0.041229 -0.223668 -0.002048 0.998324 0.057843 100.310066 0.041416 -0.057709 0.997474 2.783589 0.000000 0.000000 0.000000 1.000000
0.999067 0.005353 -0.042862 -0.276604 -0.002844 0.998291 0.058377 100.304993 0.043101 -0.058201 0.997374 2.848062 0.000000 0.000000 0.000000 1.000000
0.999082 0.006739 -0.042312 -0.307648 -0.004247 0.998266 0.058718 100.296776 0.042634 -0.058484 0.997378 2.892093 0.000000 0.000000 0.000000 1.000000
0.999372 0.008498 -0.034411 -0.321125 -0.006529 0.998357 0.056921 100.283463 0.034838 -0.056661 0.997785 2.934233 0.000000 0.000000 0.000000 1.000000
0.999745 0.009011 -0.020715 -0.292976 -0.007896 0.998548 0.053297 100.274666 0.021165 -0.053120 0.998364 2.963149 0.000000 0.000000 0.000000 1.000000
0.999960 0.007595 -0.004631 -0.225295 -0.007355 0.998733 0.049789 100.278465 0.005003 -0.049753 0.998749 2.992792 0.000000 0.000000 0.000000 1.000000
0.999931 0.005207 0.010570 -0.129612 -0.005694 0.998898 0.046594 100.279976 -0.010315 -0.046651 0.998858 3.019505 0.000000 0.000000 0.000000 1.000000
0.999748 0.001928 0.022387 -0.012841 -0.002944 0.998964 0.045409 100.282112 -0.022276 -0.045463 0.998718 3.066035 0.000000 0.000000 0.000000 1.000000
0.999510 -0.000288 0.031289 0.092956 -0.001128 0.998976 0.045228 100.279633 -0.031270 -0.045242 0.998487 3.107311 0.000000 0.000000 0.000000 1.000000
0.999278 -0.000491 0.037992 0.164696 -0.001191 0.999020 0.044241 100.266335 -0.037976 -0.044254 0.998298 3.148640 0.000000 0.000000 0.000000 1.000000
0.999239 -0.000031 0.039010 0.237803 -0.001705 0.999009 0.044471 100.254646 -0.038973 -0.044504 0.998249 3.217427 0.000000 0.000000 0.000000 1.000000
0.999309 0.001327 0.037133 0.294671 -0.003027 0.998949 0.045744 100.249771 -0.037033 -0.045825 0.998263 3.282855 0.000000 0.000000 0.000000 1.000000
0.999441 0.001750 0.033398 0.349548 -0.003261 0.998971 0.045226 100.247459 -0.033284 -0.045309 0.998418 3.328140 0.000000 0.000000 0.000000 1.000000
0.999587 0.000484 0.028720 0.390037 -0.001761 0.999010 0.044443 100.251320 -0.028670 -0.044475 0.998599 3.359772 0.000000 0.000000 0.000000 1.000000
0.999818 -0.000193 0.019057 0.434829 -0.000638 0.999050 0.043575 100.246964 -0.019047 -0.043579 0.998868 3.391902 0.000000 0.000000 0.000000 1.000000
0.999999 0.001074 0.000639 0.485100 -0.001101 0.999025 0.044139 100.233696 -0.000591 -0.044140 0.999025 3.396900 0.000000 0.000000 0.000000 1.000000
0.999747 0.002717 -0.022330 0.557625 -0.001689 0.998943 0.045928 100.233299 0.022431 -0.045878 0.998695 3.403491 0.000000 0.000000 0.000000 1.000000
0.998904 0.004588 -0.046588 0.609638 -0.002460 0.998956 0.045625 100.228630 0.046749 -0.045460 0.997872 3.385010 0.000000 0.000000 0.000000 1.000000
0.997650 0.006942 -0.068161 0.628680 -0.003955 0.999030 0.043858 100.235382 0.068399 -0.043485 0.996710 3.364197 0.000000 0.000000 0.000000 1.000000
0.996390 0.008609 -0.084462 0.624468 -0.005067 0.999102 0.042062 100.249191 0.084748 -0.041482 0.995539 3.346949 0.000000 0.000000 0.000000 1.000000
0.995187 0.010740 -0.097408 0.620455 -0.006816 0.999155 0.040526 100.251198 0.097761 -0.039667 0.994419 3.341370 0.000000 0.000000 0.000000 1.000000
0.994297 0.013189 -0.105826 0.598619 -0.009066 0.999185 0.039346 100.244507 0.106258 -0.038162 0.993606 3.352708 0.000000 0.000000 0.000000 1.000000
0.993826 0.015228 -0.109899 0.572997 -0.011029 0.999189 0.038714 100.239563 0.110399 -0.037263 0.993189 3.379817 0.000000 0.000000 0.000000 1.000000
0.993725 0.017039 -0.110548 0.543386 -0.012859 0.999179 0.038410 100.235870 0.111112 -0.036748 0.993128 3.409790 0.000000 0.000000 0.000000 1.000000
0.994099 0.017966 -0.106975 0.543065 -0.013953 0.999175 0.038150 100.236000 0.107572 -0.036432 0.993530 3.462886 0.000000 0.000000 0.000000 1.000000
0.994823 0.019135 -0.099801 0.548216 -0.015496 0.999191 0.037112 100.227478 0.100430 -0.035373 0.994315 3.508285 0.000000 0.000000 0.000000 1.000000
0.995725 0.020158 -0.090141 0.586659 -0.016926 0.999191 0.036478 100.212585 0.090804 -0.034797 0.995261 3.559309 0.000000 0.000000 0.000000 1.000000
0.996607 0.020158 -0.079799 0.649473 -0.017277 0.999179 0.036633 100.208382 0.080472 -0.035130 0.996138 3.616215 0.000000 0.000000 0.000000 1.000000
0.997342 0.018912 -0.070369 0.720715 -0.016321 0.999174 0.037215 100.212814 0.071014 -0.035967 0.996827 3.686054 0.000000 0.000000 0.000000 1.000000
0.998121 0.017157 -0.058823 0.774568 -0.014885 0.999135 0.038832 100.218765 0.059439 -0.037884 0.997513 3.736571 0.000000 0.000000 0.000000 1.000000
0.998842 0.015873 -0.045424 0.809300 -0.014031 0.999078 0.040575 100.223724 0.046026 -0.039890 0.998143 3.754557 0.000000 0.000000 0.000000 1.000000
0.999406 0.015348 -0.030866 0.805485 -0.014056 0.999034 0.041634 100.220253 0.031475 -0.041175 0.998656 3.750923 0.000000 0.000000 0.000000 1.000000
0.999725 0.015017 -0.018016 0.790884 -0.014247 0.999009 0.042177 100.209923 0.018631 -0.041909 0.998948 3.724259 0.000000 0.000000 0.000000 1.000000
0.999855 0.014813 -0.008438 0.766182 -0.014455 0.999054 0.041013 100.200195 0.009037 -0.040885 0.999123 3.667623 0.000000 0.000000 0.000000 1.000000
0.999905 0.013688 0.001356 0.725192 -0.013730 0.999151 0.038846 100.209389 -0.000823 -0.038861 0.999244 3.610212 0.000000 0.000000 0.000000 1.000000
0.999881 0.012884 0.008520 0.677709 -0.013189 0.999239 0.036711 100.217628 -0.008041 -0.036819 0.999290 3.566520 0.000000 0.000000 0.000000 1.000000
0.999839 0.011997 0.013365 0.620283 -0.012454 0.999321 0.034669 100.224800 -0.012940 -0.034830 0.999309 3.514051 0.000000 0.000000 0.000000 1.000000
0.999818 0.011235 0.015416 0.554972 -0.011740 0.999385 0.033050 100.231575 -0.015035 -0.033225 0.999335 3.457375 0.000000 0.000000 0.000000 1.000000
0.999890 0.009924 0.011011 0.500850 -0.010274 0.999429 0.032182 100.232895 -0.010686 -0.032292 0.999421 3.376508 0.000000 0.000000 0.000000 1.000000
0.999962 0.008713 0.000261 0.456293 -0.008717 0.999413 0.033129 100.230690 0.000027 -0.033130 0.999451 3.288968 0.000000 0.000000 0.000000 1.000000
0.999879 0.007639 -0.013526 0.410876 -0.007162 0.999363 0.034948 100.234909 0.013785 -0.034847 0.999298 3.194105 0.000000 0.000000 0.000000 1.000000
0.999606 0.006534 -0.027283 0.354068 -0.005539 0.999322 0.036388 100.245537 0.027502 -0.036222 0.998965 3.086701 0.000000 0.000000 0.000000 1.000000
0.999277 0.006055 -0.037531 0.271960 -0.004699 0.999337 0.036110 100.254211 0.037725 -0.035908 0.998643 2.965626 0.000000 0.000000 0.000000 1.000000
0.999106 0.005962 -0.041846 0.167859 -0.004493 0.999373 0.035121 100.266098 0.042029 -0.034902 0.998507 2.839370 0.000000 0.000000 0.000000 1.000000
0.999143 0.005866 -0.040963 0.015750 -0.004442 0.999385 0.034786 100.268044 0.041142 -0.034574 0.998555 2.727319 0.000000 0.000000 0.000000 1.000000
0.999242 0.006047 -0.038444 -0.154899 -0.004694 0.999370 0.035179 100.263367 0.038633 -0.034971 0.998641 2.621905 0.000000 0.000000 0.000000 1.000000
0.999322 0.004410 -0.036557 -0.290060 -0.003013 0.999266 0.038186 100.266747 0.036698 -0.038050 0.998602 2.538917 0.000000 0.000000 0.000000 1.000000
0.999364 0.004551 -0.035376 -0.461644 -0.003146 0.999208 0.039679 100.261177 0.035528 -0.039543 0.998586 2.442368 0.000000 0.000000 0.000000 1.000000
0.999427 0.004795 -0.033501 -0.630769 -0.003415 0.999149 0.041113 100.247871 0.033669 -0.040975 0.998593 2.333547 0.000000 0.000000 0.000000 1.000000
0.999531 0.005244 -0.030169 -0.787376 -0.003961 0.999091 0.042440 100.240341 0.030364 -0.042300 0.998643 2.231714 0.000000 0.000000 0.000000 1.000000
0.999705 0.004514 -0.023845 -0.927504 -0.003484 0.999067 0.043055 100.234512 0.024017 -0.042959 0.998788 2.116022 0.000000 0.000000 0.000000 1.000000
0.999880 0.002589 -0.015251 -1.030303 -0.001926 0.999059 0.043338 100.233925 0.015349 -0.043303 0.998944 2.017518 0.000000 0.000000 0.000000 1.000000
0.999975 0.000198 -0.007065 -1.115811 0.000103 0.999092 0.042604 100.230370 0.007067 -0.042604 0.999067 1.906967 0.000000 0.000000 0.000000 1.000000
0.999999 -0.001103 0.001191 -1.189712 0.001050 0.999053 0.043495 100.231537 -0.001238 -0.043494 0.999053 1.816981 0.000000 0.000000 0.000000 1.000000
0.999951 -0.003409 0.009313 -1.238524 0.003002 0.999053 0.043402 100.221115 -0.009452 -0.043372 0.999014 1.720086 0.000000 0.000000 0.000000 1.000000
0.999835 -0.005451 0.017335 -1.289345 0.004710 0.999083 0.042546 100.211174 -0.017551 -0.042458 0.998944 1.633861 0.000000 0.000000 0.000000 1.000000
0.999696 -0.007101 0.023622 -1.352009 0.006092 0.999076 0.042537 100.203941 -0.023902 -0.042380 0.998816 1.550708 0.000000 0.000000 0.000000 1.000000
0.999618 -0.007477 0.026616 -1.426567 0.006347 0.999086 0.042281 100.193954 -0.026908 -0.042096 0.998751 1.469180 0.000000 0.000000 0.000000 1.000000
0.999617 -0.008338 0.026370 -1.459654 0.007219 0.999081 0.042254 100.179794 -0.026698 -0.042047 0.998759 1.375917 0.000000 0.000000 0.000000 1.000000
0.999730 -0.009141 0.021367 -1.488842 0.008193 0.998995 0.044066 100.170677 -0.021748 -0.043879 0.998800 1.282323 0.000000 0.000000 0.000000 1.000000
0.999885 -0.007898 0.012914 -1.528618 0.007260 0.998788 0.048679 100.171333 -0.013283 -0.048579 0.998731 1.230517 0.000000 0.000000 0.000000 1.000000
0.999974 -0.006589 0.002815 -1.560317 0.006433 0.998621 0.052107 100.167351 -0.003154 -0.052088 0.998638 1.181719 0.000000 0.000000 0.000000 1.000000
0.999953 -0.006190 -0.007416 -1.594909 0.006577 0.998553 0.053369 100.154869 0.007075 -0.053416 0.998547 1.102358 0.000000 0.000000 0.000000 1.000000
0.999854 -0.006076 -0.015983 -1.638280 0.006925 0.998537 0.053621 100.145599 0.015634 -0.053724 0.998433 1.022416 0.000000 0.000000 0.000000 1.000000
0.999702 -0.006074 -0.023661 -1.679373 0.007340 0.998525 0.053801 100.138222 0.023299 -0.053958 0.998271 0.936625 0.000000 0.000000 0.000000 1.000000
0.999545 -0.005927 -0.029564 -1.737441 0.007532 0.998487 0.054478 100.134392 0.029196 -0.054676 0.998077 0.870596 0.000000 0.000000 0.000000 1.000000
0.999419 -0.006064 -0.033549 -1.783955 0.007911 0.998444 0.055202 100.131111 0.033162 -0.055435 0.997911 0.809407 0.000000 0.000000 0.000000 1.000000
0.999316 -0.006245 -0.036457 -1.834321 0.008282 0.998397 0.055997 100.123985 0.036049 -0.056260 0.997765 0.769875 0.000000 0.000000 0.000000 1.000000
0.999194 -0.006252 -0.039658 -1.884262 0.008490 0.998366 0.056509 100.114792 0.039240 -0.056801 0.997614 0.723618 0.000000 0.000000 0.000000 1.000000
0.999056 -0.006725 -0.042916 -1.921652 0.009184 0.998311 0.057360 100.112709 0.042458 -0.057700 0.997431 0.668270 0.000000 0.000000 0.000000 1.000000
0.998896 -0.006369 -0.046551 -1.971125 0.009054 0.998294 0.057687 100.123245 0.046104 -0.058044 0.997249 0.612857 0.000000 0.000000 0.000000 1.000000
0.998796 -0.005213 -0.048779 -2.032705 0.008047 0.998280 0.058077 100.151031 0.048393 -0.058399 0.997120 0.551229 0.000000 0.000000 0.000000 1.000000
0.998752 -0.004327 -0.049750 -2.091352 0.007257 0.998240 0.058861 100.182663 0.049408 -0.059149 0.997026 0.502544 0.000000 0.000000 0.000000 1.000000
0.998642 -0.003682 -0.051959 -2.145251 0.006860 0.998107 0.061116 100.198044 0.051635 -0.061389 0.996777 0.457037 0.000000 0.000000 0.000000 1.000000
0.998571 -0.003543 -0.053332 -2.177706 0.006891 0.998007 0.062726 100.194107 0.053003 -0.063004 0.996605 0.428175 0.000000 0.000000 0.000000 1.000000
0.998565 -0.003612 -0.053431 -2.187119 0.006995 0.997972 0.063262 100.186905 0.053094 -0.063545 0.996566 0.414654 0.000000 0.000000 0.000000 1.000000
0.998595 -0.003762 -0.052855 -2.182472 0.007100 0.997981 0.063108 100.186691 0.052511 -0.063394 0.996606 0.415683 0.000000 0.000000 0.000000 1.000000
0.998704 -0.004186 -0.050714 -2.148036 0.007361 0.998013 0.062576 100.196785 0.050351 -0.062868 0.996751 0.440382 0.000000 0.000000 0.000000 1.000000
0.998818 -0.005209 -0.048328 -2.073350 0.008205 0.998043 0.061992 100.212303 0.047911 -0.062315 0.996906 0.493485 0.000000 0.000000 0.000000 1.000000
0.998963 -0.005679 -0.045170 -1.986078 0.008444 0.998086 0.061259 100.227547 0.044735 -0.061577 0.997099 0.555558 0.000000 0.000000 0.000000 1.000000
0.999165 -0.006483 -0.040344 -1.888105 0.008932 0.998108 0.060841 100.234680 0.039873 -0.061151 0.997332 0.623259 0.000000 0.000000 0.000000 1.000000
0.999343 -0.007162 -0.035530 -1.765468 0.009306 0.998122 0.060548 100.228928 0.035030 -0.060839 0.997533 0.702352 0.000000 0.000000 0.000000 1.000000
0.999526 -0.007427 -0.029861 -1.654525 0.009216 0.998142 0.060225 100.223579 0.029359 -0.060472 0.997738 0.792937 0.000000 0.000000 0.000000 1.000000
0.999655 -0.007170 -0.025283 -1.547007 0.008665 0.998189 0.059522 100.220367 0.024811 -0.059721 0.997907 0.870902 0.000000 0.000000 0.000000 1.000000
0.999772 -0.006558 -0.020340 -1.449000 0.007738 0.998257 0.058504 100.226387 0.019921 -0.058648 0.998080 0.961158 0.000000 0.000000 0.000000 1.000000
0.999859 -0.006471 -0.015471 -1.359018 0.007341 0.998356 0.056850 100.226105 0.015077 -0.056956 0.998263 1.031721 0.000000 0.000000 0.000000 1.000000
0.999925 -0.006230 -0.010508 -1.278626 0.006815 0.998376 0.056565 100.224007 0.010139 -0.056633 0.998344 1.108113 0.000000 0.000000 0.000000 1.000000
0.999961 -0.006209 -0.006321 -1.200103 0.006558 0.998359 0.056886 100.219139 0.005957 -0.056926 0.998361 1.170947 0.000000 0.000000 0.000000 1.000000
0.999979 -0.005226 -0.003790 -1.121929 0.005433 0.998373 0.056754 100.215034 0.003487 -0.056773 0.998381 1.221085 0.000000 0.000000 0.000000 1.000000
0.999989 -0.004243 -0.001932 -1.026309 0.004347 0.998332 0.057562 100.218788 0.001685 -0.057570 0.998340 1.275143 0.000000 0.000000 0.000000 1.000000
0.999992 -0.003753 -0.001360 -0.919366 0.003824 0.998390 0.056599 100.222137 0.001146 -0.056604 0.998396 1.309387 0.000000 0.000000 0.000000 1.000000
0.999994 -0.003297 -0.000521 -0.806015 0.003320 0.998505 0.054551 100.228905 0.000340 -0.054553 0.998511 1.349012 0.000000 0.000000 0.000000 1.000000
0.999994 -0.003330 0.000678 -0.687585 0.003290 0.998659 0.051668 100.233101 -0.000849 -0.051665 0.998664 1.378902 0.000000 0.000000 0.000000 1.000000
0.999992 -0.003595 0.001862 -0.566865 0.003498 0.998760 0.049662 100.236443 -0.002038 -0.049655 0.998764 1.416218 0.000000 0.000000 0.000000 1.000000
0.999989 -0.003374 0.003385 -0.454266 0.003205 0.998803 0.048799 100.239708 -0.003545 -0.048788 0.998803 1.463549 0.000000 0.000000 0.000000 1.000000
0.999980 -0.003448 0.005335 -0.344344 0.003186 0.998821 0.048446 100.241005 -0.005496 -0.048428 0.998812 1.497696 0.000000 0.000000 0.000000 1.000000
0.999967 -0.003503 0.007338 -0.247199 0.003144 0.998822 0.048414 100.242538 -0.007499 -0.048390 0.998800 1.519091 0.000000 0.000000 0.000000 1.000000
0.999958 -0.003528 0.008513 -0.158875 0.003114 0.998832 0.048222 100.241127 -0.008673 -0.048193 0.998800 1.531870 0.000000 0.000000 0.000000 1.000000
0.999943 -0.003858 0.009981 -0.078555 0.003372 0.998827 0.048307 100.241623 -0.010156 -0.048270 0.998783 1.541976 0.000000 0.000000 0.000000 1.000000
0.999926 -0.003760 0.011589 -0.014320 0.003199 0.998839 0.048073 100.244217 -0.011756 -0.048033 0.998777 1.553861 0.000000 0.000000 0.000000 1.000000
0.999893 -0.003981 0.014090 0.032950 0.003306 0.998860 0.047624 100.245148 -0.014263 -0.047573 0.998766 1.562138 0.000000 0.000000 0.000000 1.000000
0.999862 -0.003891 0.016142 0.069976 0.003112 0.998842 0.048006 100.244965 -0.016310 -0.047949 0.998717 1.571908 0.000000 0.000000 0.000000 1.000000
0.999835 -0.003615 0.017829 0.102267 0.002744 0.998812 0.048656 100.245697 -0.017983 -0.048599 0.998656 1.574913 0.000000 0.000000 0.000000 1.000000
0.999825 -0.003254 0.018430 0.125631 0.002348 0.998800 0.048920 100.244507 -0.018567 -0.048868 0.998633 1.573843 0.000000 0.000000 0.000000 1.000000
0.999825 -0.003058 0.018450 0.143054 0.002150 0.998795 0.049027 100.242226 -0.018578 -0.048979 0.998627 1.574695 0.000000 0.000000 0.000000 1.000000
0.999834 -0.002979 0.017960 0.151491 0.002102 0.998813 0.048672 100.240311 -0.018084 -0.048626 0.998653 1.574435 0.000000 0.000000 0.000000 1.000000
0.999853 -0.002870 0.016891 0.154288 0.002057 0.998847 0.047963 100.239296 -0.017009 -0.047921 0.998706 1.577709 0.000000 0.000000 0.000000 1.000000
0.999874 -0.002516 0.015651 0.151763 0.001771 0.998874 0.047410 100.241341 -0.015752 -0.047376 0.998753 1.586391 0.000000 0.000000 0.000000 1.000000
0.999895 -0.001895 0.014373 0.139515 0.001211 0.998872 0.047478 100.244698 -0.014447 -0.047456 0.998769 1.599801 0.000000 0.000000 0.000000 1.000000
0.999914 -0.001106 0.013059 0.122949 0.000485 0.998872 0.047481 100.246048 -0.013097 -0.047470 0.998787 1.617513 0.000000 0.000000 0.000000 1.000000
0.999933 -0.000598 0.011568 0.097104 0.000048 0.998870 0.047534 100.243210 -0.011583 -0.047530 0.998803 1.632268 0.000000 0.000000 0.000000 1.000000
0.999951 -0.000091 0.009946 0.065608 -0.000382 0.998869 0.047555 100.241875 -0.009939 -0.047556 0.998819 1.648152 0.000000 0.000000 0.000000 1.000000
0.999966 0.000747 0.008229 0.033415 -0.001142 0.998843 0.048071 100.245430 -0.008183 -0.048079 0.998810 1.677047 0.000000 0.000000 0.000000 1.000000</float_array>
        <technique_common>
          <accessor source="#mixamorig2_Hips-Matrix-animation-output-transform-array" count="143" stride="16">
            <param type="float4x4"/>
          </accessor>
        </technique_common>
      </source>
      <source id="mixamorig2_Hips-Interpolations">
        <Name_array id="mixamorig2_Hips-Interpolations-array" count="143">
 LINEAR LINEAR LINEAR LINEAR LINEAR LINEAR LINEAR LINEAR LINEAR LINEAR LINEAR
LINEAR LINEAR LINEAR LINEAR LINEAR LINEAR LINEAR LINEAR LINEAR LINEAR LINEAR LINEAR
LINEAR LINEAR LINEAR LINEAR LINEAR LINEAR LINEAR LINEAR LINEAR LINEAR LINEAR LINEAR
LINEAR LINEAR LINEAR LINEAR LINEAR LINEAR LINEAR LINEAR LINEAR LINEAR LINEAR LINEAR
LINEAR LINEAR LINEAR LINEAR LINEAR LINEAR LINEAR LINEAR LINEAR LINEAR LINEAR LINEAR
LINEAR LINEAR LINEAR LINEAR LINEAR LINEAR LINEAR LINEAR LINEAR LINEAR LINEAR LINEAR
LINEAR LINEAR LINEAR LINEAR LINEAR LINEAR LINEAR LINEAR LINEAR LINEAR LINEAR LINEAR
LINEAR LINEAR LINEAR LINEAR LINEAR LINEAR LINEAR LINEAR LINEAR LINEAR LINEAR LINEAR
LINEAR LINEAR LINEAR LINEAR LINEAR LINEAR LINEAR LINEAR LINEAR LINEAR LINEAR LINEAR
LINEAR LINEAR LINEAR LINEAR LINEAR LINEAR LINEAR LINEAR LINEAR LINEAR LINEAR LINEAR
LINEAR LINEAR LINEAR LINEAR LINEAR LINEAR LINEAR LINEAR LINEAR LINEAR LINEAR LINEAR
LINEAR LINEAR LINEAR LINEAR LINEAR LINEAR LINEAR LINEAR LINEAR LINEAR LINEAR LINEAR</Name_array>
        <technique_common>
          <accessor source="#mixamorig2_Hips-Interpolations-array" count="143">
            <param type="name"/>
          </accessor>
        </technique_common>
      </source>
      <sampler id="mixamorig2_Hips-Matrix-animation-transform">
        <input semantic="INPUT" source="#mixamorig2_Hips-Matrix-animation-input"/>
        <input semantic="OUTPUT" source="#mixamorig2_Hips-Matrix-animation-output-transform"/>
        <input semantic="INTERPOLATION" source="#mixamorig2_Hips-Interpolations"/>
      </sampler>
      <channel source="#mixamorig2_Hips-Matrix-animation-transform" target="mixamorig2_Hips/matrix"/>
    </animation>
    <animation id="mixamorig2_Spine-anim" name="mixamorig2_Spine">
      <source id="mixamorig2_Spine-Matrix-animation-input">
        <float_array id="mixamorig2_Spine-Matrix-animation-input-array" count="143">

0.000000 0.033333 0.066667 0.100000 0.133333 0.166667 0.200000 0.233333 0.266667 0.300000 0.333333 0.366667 0.400000 0.433333 0.466667 0.500000
0.533333 0.566667 0.600000 0.633333 0.666667 0.700000 0.733333 0.766667 0.800000 0.833333 0.866667 0.900000 0.933333 0.966667 1.000000 1.033333
1.066667 1.100000 1.133333 1.166667 1.200000 1.233333 1.266667 1.300000 1.333333 1.366667 1.400000 1.433333 1.466667 1.500000 1.533333 1.566667
1.600000 1.633333 1.666667 1.700000 1.733333 1.766667 1.800000 1.833333 1.866667 1.900000 1.933333 1.966667 2.000000 2.033333 2.066667 2.100000
2.133333 2.166667 2.200000 2.233333 2.266667 2.300000 2.333333 2.366667 2.400000 2.433333 2.466667 2.500000 2.533333 2.566667 2.600000 2.633333
2.666667 2.700000 2.733333 2.766667 2.800000 2.833333 2.866667 2.900000 2.933333 2.966667 3.000000 3.033333 3.066667 3.100000 3.133333 3.166667
3.200000 3.233333 3.266667 3.300000 3.333333 3.366667 3.400000 3.433333 3.466667 3.500000 3.533333 3.566667 3.600000 3.633333 3.666667 3.700000
3.733333 3.766667 3.800000 3.833333 3.866667 3.900000 3.933333 3.966667 4.000000 4.033333 4.066667 4.100000 4.133333 4.166667 4.200000 4.233333
4.266667 4.300000 4.333333 4.366667 4.400000 4.433333 4.466667 4.500000 4.533333 4.566667 4.600000 4.633333 4.666667 4.700000 4.733333</float_array>
        <technique_common>
          <accessor source="#mixamorig2_Spine-Matrix-animation-input-array" count="143">
            <param name="TIME" type="float"/>
          </accessor>
        </technique_common>
      </source>
      <source id="mixamorig2_Spine-Matrix-animation-output-transform">
        <float_array id="mixamorig2_Spine-Matrix-animation-output-transform-array" count="2288">

0.999920 0.012602 -0.001172 0.000000 -0.012576 0.999726 0.019748 8.951200 0.001421 -0.019732 0.999804 -0.286600 0.000000 0.000000 0.000000 1.000000
0.999920 0.012579 -0.001166 -0.000000 -0.012554 0.999728 0.019645 8.951200 0.001413 -0.019629 0.999806 -0.286600 0.000000 0.000000 0.000000 1.000000
0.999921 0.012530 -0.001154 0.000000 -0.012505 0.999731 0.019516 8.951200 0.001398 -0.019500 0.999809 -0.286600 0.000000 0.000000 0.000000 1.000000
0.999924 0.012301 -0.001135 0.000000 -0.012277 0.999735 0.019472 8.951200 0.001374 -0.019456 0.999810 -0.286600 0.000000 0.000000 0.000000 1.000000
0.999925 0.012180 -0.001080 0.000000 -0.012156 0.999737 0.019433 8.951200 0.001317 -0.019419 0.999811 -0.286600 0.000000 0.000000 0.000000 1.000000
0.999923 0.012390 -0.000984 0.000000 -0.012369 0.999737 0.019336 8.951200 0.001223 -0.019323 0.999813 -0.286600 0.000000 0.000000 0.000000 1.000000
0.999919 0.012684 -0.000908 -0.000000 -0.012664 0.999735 0.019239 8.951200 0.001152 -0.019226 0.999815 -0.286600 0.000000 0.000000 0.000000 1.000000
0.999919 0.012659 -0.001008 0.000000 -0.012637 0.999737 0.019136 8.951200 0.001250 -0.019122 0.999816 -0.286600 0.000000 0.000000 0.000000 1.000000
0.999921 0.012476 -0.001213 -0.000000 -0.012450 0.999741 0.019045 8.951200 0.001451 -0.019029 0.999818 -0.286600 0.000000 0.000000 0.000000 1.000000
0.999924 0.012236 -0.001284 -0.000000 -0.012210 0.999745 0.019013 8.951200 0.001516 -0.018996 0.999818 -0.286600 0.000000 0.000000 0.000000 1.000000
0.999925 0.012163 -0.001333 0.000000 -0.012136 0.999746 0.019016 8.951200 0.001564 -0.018999 0.999818 -0.286600 0.000000 0.000000 0.000000 1.000000
0.999926 0.012018 -0.001611 0.000000 -0.011985 0.999747 0.019055 8.951200 0.001839 -0.019034 0.999817 -0.286600 0.000000 0.000000 0.000000 1.000000
0.999926 0.011988 -0.001929 0.000000 -0.011948 0.999743 0.019244 8.951200 0.002159 -0.019219 0.999813 -0.286600 0.000000 0.000000 0.000000 1.000000
0.999924 0.012187 -0.002051 0.000000 -0.012145 0.999737 0.019460 8.951200 0.002287 -0.019434 0.999809 -0.286600 0.000000 0.000000 0.000000 1.000000
0.999919 0.012467 -0.002658 0.000000 -0.012412 0.999727 0.019779 8.951200 0.002903 -0.019744 0.999801 -0.286600 0.000000 0.000000 0.000000 1.000000
0.999913 0.012801 -0.003322 0.000000 -0.012732 0.999716 0.020125 8.951200 0.003579 -0.020081 0.999792 -0.286600 0.000000 0.000000 0.000000 1.000000
0.999901 0.013520 -0.003865 0.000000 -0.013437 0.999696 0.020665 8.951200 0.004143 -0.020611 0.999779 -0.286600 0.000000 0.000000 0.000000 1.000000
0.999893 0.013701 -0.005051 0.000000 -0.013591 0.999683 0.021213 8.951200 0.005340 -0.021142 0.999762 -0.286600 0.000000 0.000000 0.000000 1.000000
0.999886 0.013631 -0.006446 0.000000 -0.013488 0.999673 0.021729 8.951200 0.006740 -0.021640 0.999743 -0.286600 0.000000 0.000000 0.000000 1.000000
0.999873 0.014066 -0.007472 -0.000000 -0.013896 0.999655 0.022296 8.951200 0.007784 -0.022189 0.999723 -0.286600 0.000000 0.000000 0.000000 1.000000
0.999860 0.014711 -0.008034 0.000000 -0.014526 0.999638 0.022626 8.951200 0.008364 -0.022506 0.999712 -0.286600 0.000000 0.000000 0.000000 1.000000
0.999850 0.015102 -0.008421 0.000000 -0.014908 0.999633 0.022610 8.951200 0.008759 -0.022481 0.999709 -0.286600 0.000000 0.000000 0.000000 1.000000
0.999841 0.015616 -0.008666 -0.000000 -0.015415 0.999622 0.022747 8.951200 0.009018 -0.022610 0.999704 -0.286600 0.000000 0.000000 0.000000 1.000000
0.999828 0.016293 -0.008831 0.000000 -0.016086 0.999606 0.022983 8.951200 0.009202 -0.022837 0.999697 -0.286600 0.000000 0.000000 0.000000 1.000000
0.999819 0.016884 -0.008796 0.000000 -0.016675 0.999589 0.023320 8.951200 0.009186 -0.023169 0.999689 -0.286600 0.000000 0.000000 0.000000 1.000000
0.999814 0.017228 -0.008714 0.000000 -0.017019 0.999578 0.023543 8.951200 0.009116 -0.023390 0.999685 -0.286600 0.000000 0.000000 0.000000 1.000000
0.999812 0.017448 -0.008516 0.000000 -0.017242 0.999569 0.023763 8.951200 0.008927 -0.023612 0.999681 -0.286600 0.000000 0.000000 0.000000 1.000000
0.999814 0.017542 -0.008034 0.000000 -0.017345 0.999562 0.023995 8.951200 0.008451 -0.023851 0.999680 -0.286600 0.000000 0.000000 0.000000 1.000000
0.999819 0.017761 -0.006770 -0.000000 -0.017590 0.999544 0.024527 8.951200 0.007202 -0.024403 0.999676 -0.286600 0.000000 0.000000 0.000000 1.000000
0.999823 0.018018 -0.005325 -0.000000 -0.017879 0.999526 0.025055 8.951200 0.005773 -0.024955 0.999672 -0.286600 0.000000 0.000000 0.000000 1.000000
0.999828 0.018087 -0.004052 0.000000 -0.017979 0.999519 0.025252 8.951200 0.004507 -0.025174 0.999673 -0.286600 0.000000 0.000000 0.000000 1.000000
0.999833 0.018021 -0.002976 0.000000 -0.017940 0.999521 0.025227 8.951200 0.003429 -0.025170 0.999677 -0.286600 0.000000 0.000000 0.000000 1.000000
0.999845 0.017560 -0.001286 0.000000 -0.017522 0.999524 0.025398 8.951200 0.001731 -0.025372 0.999677 -0.286600 0.000000 0.000000 0.000000 1.000000
0.999844 0.017675 -0.000312 0.000000 -0.017661 0.999508 0.025927 8.951200 0.000770 -0.025917 0.999664 -0.286600 0.000000 0.000000 0.000000 1.000000
0.999843 0.017672 -0.000837 0.000000 -0.017644 0.999490 0.026613 8.951200 0.001307 -0.026594 0.999645 -0.286600 0.000000 0.000000 0.000000 1.000000
0.999836 0.017944 -0.002484 -0.000000 -0.017869 0.999467 0.027329 8.951200 0.002973 -0.027280 0.999623 -0.286600 0.000000 0.000000 0.000000 1.000000
0.999830 0.017784 -0.004845 0.000000 -0.017643 0.999462 0.027638 8.951200 0.005334 -0.027548 0.999606 -0.286600 0.000000 0.000000 0.000000 1.000000
0.999825 0.017670 -0.006071 0.000000 -0.017494 0.999454 0.028022 8.951200 0.006563 -0.027911 0.999589 -0.286600 0.000000 0.000000 0.000000 1.000000
0.999819 0.017777 -0.006736 0.000000 -0.017581 0.999449 0.028167 8.951200 0.007233 -0.028044 0.999581 -0.286600 0.000000 0.000000 0.000000 1.000000
0.999827 0.016975 -0.007657 -0.000000 -0.016751 0.999454 0.028480 8.951200 0.008136 -0.028347 0.999565 -0.286600 0.000000 0.000000 0.000000 1.000000
0.999835 0.016255 -0.008058 0.000000 -0.016018 0.999462 0.028631 8.951200 0.008519 -0.028497 0.999558 -0.286600 0.000000 0.000000 0.000000 1.000000
0.999846 0.015422 -0.008399 0.000000 -0.015176 0.999475 0.028610 8.951200 0.008836 -0.028478 0.999555 -0.286600 0.000000 0.000000 0.000000 1.000000
0.999856 0.014651 -0.008522 0.000000 -0.014399 0.999480 0.028852 8.951200 0.008941 -0.028726 0.999547 -0.286600 0.000000 0.000000 0.000000 1.000000
0.999865 0.014038 -0.008583 -0.000000 -0.013782 0.999478 0.029226 8.951200 0.008989 -0.029104 0.999536 -0.286600 0.000000 0.000000 0.000000 1.000000
0.999874 0.013142 -0.008889 -0.000000 -0.012877 0.999491 0.029176 8.951200 0.009268 -0.029058 0.999535 -0.286600 0.000000 0.000000 0.000000 1.000000
0.999896 0.011621 -0.008487 0.000000 -0.011376 0.999532 0.028401 8.951200 0.008813 -0.028302 0.999561 -0.286600 0.000000 0.000000 0.000000 1.000000
0.999920 0.010302 -0.007373 0.000000 -0.010095 0.999570 0.027536 8.951200 0.007653 -0.027459 0.999594 -0.286600 0.000000 0.000000 0.000000 1.000000
0.999939 0.009546 -0.005589 -0.000000 -0.009389 0.999579 0.027465 8.951200 0.005849 -0.027411 0.999607 -0.286600 0.000000 0.000000 0.000000 1.000000
0.999949 0.009312 -0.003779 -0.000000 -0.009203 0.999563 0.028094 8.951200 0.004039 -0.028058 0.999598 -0.286600 0.000000 0.000000 0.000000 1.000000
0.999952 0.009522 -0.002467 0.000000 -0.009447 0.999543 0.028726 8.951200 0.002739 -0.028701 0.999584 -0.286600 0.000000 0.000000 0.000000 1.000000
0.999948 0.010123 -0.001132 -0.000000 -0.010086 0.999523 0.029193 8.951200 0.001427 -0.029180 0.999573 -0.286600 0.000000 0.000000 0.000000 1.000000
0.999945 0.010491 -0.000272 0.000000 -0.010479 0.999511 0.029454 8.951200 0.000581 -0.029450 0.999566 -0.286600 0.000000 0.000000 0.000000 1.000000
0.999936 0.011313 0.000559 -0.000000 -0.011324 0.999501 0.029498 8.951200 -0.000225 -0.029502 0.999565 -0.286600 0.000000 0.000000 0.000000 1.000000
0.999918 0.012627 0.001889 0.000000 -0.012677 0.999484 0.029501 8.951200 -0.001516 -0.029523 0.999563 -0.286600 0.000000 0.000000 0.000000 1.000000
0.999906 0.013473 0.002372 -0.000000 -0.013537 0.999470 0.029603 8.951200 -0.001972 -0.029633 0.999559 -0.286600 0.000000 0.000000 0.000000 1.000000
0.999902 0.013881 0.002018 0.000000 -0.013936 0.999453 0.029994 8.951200 -0.001600 -0.030019 0.999548 -0.286600 0.000000 0.000000 0.000000 1.000000
0.999895 0.014428 0.000979 0.000000 -0.014451 0.999437 0.030265 8.951200 -0.000542 -0.030276 0.999541 -0.286600 0.000000 0.000000 0.000000 1.000000
0.999890 0.014811 -0.000771 0.000000 -0.014781 0.999423 0.030574 8.951200 0.001223 -0.030559 0.999532 -0.286600 0.000000 0.000000 0.000000 1.000000
0.999881 0.015310 -0.002054 0.000000 -0.015239 0.999405 0.030953 8.951200 0.002526 -0.030918 0.999519 -0.286600 0.000000 0.000000 0.000000 1.000000
0.999868 0.015950 -0.002982 0.000000 -0.015849 0.999391 0.031075 8.951200 0.003476 -0.031024 0.999513 -0.286600 0.000000 0.000000 0.000000 1.000000
0.999854 0.016594 -0.003954 0.000000 -0.016464 0.999389 0.030839 8.951200 0.004463 -0.030770 0.999517 -0.286600 0.000000 0.000000 0.000000 1.000000
0.999837 0.017292 -0.005114 0.000000 -0.017128 0.999384 0.030626 8.951200 0.005640 -0.030533 0.999518 -0.286600 0.000000 0.000000 0.000000 1.000000
0.999830 0.017371 -0.006249 0.000000 -0.017174 0.999393 0.030310 8.951200 0.006772 -0.030197 0.999521 -0.286600 0.000000 0.000000 0.000000 1.000000
0.999831 0.017193 -0.006578 -0.000000 -0.016983 0.999386 0.030636 8.951200 0.007101 -0.030519 0.999509 -0.286600 0.000000 0.000000 0.000000 1.000000
0.999822 0.017613 -0.006826 0.000000 -0.017391 0.999361 0.031235 8.951200 0.007371 -0.031111 0.999489 -0.286600 0.000000 0.000000 0.000000 1.000000
0.999813 0.018078 -0.006855 -0.000000 -0.017852 0.999340 0.031641 8.951200 0.007423 -0.031513 0.999476 -0.286600 0.000000 0.000000 0.000000 1.000000
0.999818 0.017827 -0.006839 0.000000 -0.017600 0.999334 0.031969 8.951200 0.007404 -0.031843 0.999465 -0.286600 0.000000 0.000000 0.000000 1.000000
0.999839 0.016379 -0.007325 -0.000000 -0.016135 0.999354 0.032115 8.951200 0.007846 -0.031991 0.999457 -0.286600 0.000000 0.000000 0.000000 1.000000
0.999859 0.014870 -0.007806 0.000000 -0.014617 0.999398 0.031477 8.951200 0.008269 -0.031358 0.999474 -0.286600 0.000000 0.000000 0.000000 1.000000
0.999883 0.013346 -0.007542 -0.000000 -0.013108 0.999442 0.030727 8.951200 0.007948 -0.030624 0.999499 -0.286600 0.000000 0.000000 0.000000 1.000000
0.999910 0.011697 -0.006517 0.000000 -0.011498 0.999489 0.029835 8.951200 0.006863 -0.029757 0.999534 -0.286600 0.000000 0.000000 0.000000 1.000000
0.999932 0.010607 -0.004767 -0.000000 -0.010464 0.999518 0.029228 8.951200 0.005074 -0.029176 0.999561 -0.286600 0.000000 0.000000 0.000000 1.000000
0.999951 0.009433 -0.003147 -0.000000 -0.009337 0.999534 0.029077 8.951200 0.003420 -0.029046 0.999572 -0.286600 0.000000 0.000000 0.000000 1.000000
0.999960 0.008707 -0.002185 -0.000000 -0.008640 0.999539 0.029103 8.951200 0.002437 -0.029083 0.999574 -0.286600 0.000000 0.000000 0.000000 1.000000
0.999961 0.008586 -0.002238 0.000000 -0.008518 0.999552 0.028676 8.951200 0.002483 -0.028656 0.999586 -0.286600 0.000000 0.000000 0.000000 1.000000
0.999958 0.008838 -0.002411 0.000000 -0.008767 0.999566 0.028124 8.951200 0.002658 -0.028102 0.999602 -0.286600 0.000000 0.000000 0.000000 1.000000
0.999954 0.009294 -0.002386 0.000000 -0.009226 0.999593 0.026981 8.951200 0.002636 -0.026958 0.999633 -0.286600 0.000000 0.000000 0.000000 1.000000
0.999952 0.009618 -0.001859 0.000000 -0.009566 0.999616 0.026024 8.951200 0.002109 -0.026005 0.999660 -0.286600 0.000000 0.000000 0.000000 1.000000
0.999951 0.009792 -0.001103 0.000000 -0.009761 0.999637 0.025126 8.951200 0.001349 -0.025114 0.999684 -0.286600 0.000000 0.000000 0.000000 1.000000
0.999946 0.010407 -0.000400 0.000000 -0.010394 0.999653 0.024203 8.951200 0.000651 -0.024197 0.999707 -0.286600 0.000000 0.000000 0.000000 1.000000
0.999939 0.011006 -0.000127 0.000000 -0.011000 0.999670 0.023198 8.951200 0.000382 -0.023195 0.999731 -0.286600 0.000000 0.000000 0.000000 1.000000
0.999929 0.011902 -0.000248 0.000000 -0.011893 0.999688 0.021947 8.951200 0.000509 -0.021942 0.999759 -0.286600 0.000000 0.000000 0.000000 1.000000
