4.733,30,141,65
B0,mixamorig2_Hips,-1,0.9999788999557495,0.0031826102640479803,-0.005657653324306011,0,-0.0034524386283010244,0.9988210797309875,-0.04842493683099747,0,0.005496653262525797,0.048443421721458435,0.9988110661506653,0,-0.3365039527416229,100.24112701416016,1.499422550201416,1
B1,mixamorig2_Spine,0,0.9999500513076782,-0.009934687055647373,0.001150932046584785,0,0.009955203160643578,0.9997658133506775,-0.019233541563153267,0,-0.0009590127738192677,0.01924421638250351,0.9998147487640381,0,0,8.951199531555176,-0.2865999937057495,1
B2,mixamorig2_Spine1,1,0.9998852610588074,-0.015030814334750175,0.001685702707618475,0,0.014983185566961765,0.9995656609535217,0.025382615625858307,0,-0.0020672185346484184,-0.025354420766234398,0.9996765851974487,0,0,10.448399543762207,0,1
B3,mixamorig2_Spine2,2,0.9998852610588074,-0.015031732618808746,0.001696702791377902,0,0.014983185566961765,0.9995656609535217,0.02538161538541317,0,-0.0020781378261744976,-0.02535342238843441,0.9996765851974487,0,0,11.940999984741211,0,1
B4,mixamorig2_Neck,3,0.998607337474823,0.051370687782764435,0.012024788185954094,0,-0.05207749456167221,0.9962849020957947,0.06859277188777924,0,-0.008455759845674038,-0.06912333518266678,0.9975721836090088,0,0,13.433600425720215,0,1
B5,mixamorig2_Head,4,0.998607337474823,0.05172925069928169,0.010374401696026325,0,-0.05207749456167221,0.9979693293571472,0.03666961193084717,0,-0.008455759845674038,-0.03715825453400612,0.9992735981941223,0,0,8.477299690246582,0.4431000053882599,1
B6,mixamorig2_HeadTop_End,5,1,0,0,0,0,1,0,0,0,0,1,0,0,21.306800842285156,1.1136000156402588,1
B7,mixamorig2_LeftShoulder,3,0.023188918828964233,0.022905804216861725,-0.9994682669639587,0,0.8823853731155396,-0.4704281687736511,0.009690912440419197,0,-0.46995607018470764,-0.8821407556533813,-0.03112003207206726,0,5.225299835205078,11.903499603271484,-0.04659999907016754,1
B8,mixamorig2_LeftArm,7,0.7131579518318176,0.5767175555229187,-0.3984994888305664,0,-0.05658026784658432,0.6139717102050781,0.7872967720031738,0,0.6987162232398987,-0.5389197468757629,0.4704899489879608,0,0,10.833399772644043,0,1
B9,mixamorig2_LeftForeArm,8,0.9660580158233643,0.25814443826675415,0.009677081368863583,0,-0.2581884264945984,0.9660879969596863,0.0035884841345250607,0,-0.008422757498919964,-0.005964887328445911,0.9999470114707947,0,0,25.510299682617188,0,1
B10,mixamorig2_LeftHand,9,0.9178906083106995,-0.19013138115406036,0.3483198285102844,0,0.23811125755310059,0.966061532497406,-0.10014162957668304,0,-0.31745728850364685,0.17485859990119934,0.932011604309082,0,0,24.506200790405273,0,1
B11,mixamorig2_LeftHandThumb1,10,0.9630370140075684,0.24893300235271454,-0.10291808098554611,0,-0.219078928232193,0.9461230039596558,0.2384449988603592,0,0.1567300707101822,-0.20708400011062622,0.9656869769096375,0,-2.9267001152038574,3.0195999145507812,1.2417999505996704,1
B12,mixamorig2_LeftHandThumb2,11,0.9698899984359741,-0.1647849977016449,0.17932891845703125,0,0.15824800729751587,0.9861189723014832,0.050269998610019684,0,-0.1851229965686798,-0.020377999171614647,0.9825040102005005,0,-0.6902999877929688,3.439199924468994,0,1
B13,mixamorig2_LeftHandThumb3,12,0.9937040209770203,0.11105100065469742,0.014809999614953995,0,-0.10926199704408646,0.9898369908332825,-0.09102407842874527,0,-0.024768000468611717,0.08883307874202728,0.9957389235496521,0,0.15240000188350677,3.0773000717163086,0,1
B14,mixamorig2_LeftHandThumb4,13,1,0,0,0,0,1,0,0,0,0,1,0,0.5378000140190125,2.210599899291992,0,1
B15,mixamorig2_LeftHandIndex1,10,0.9980180263519287,0.06266999989748001,-0.005754000041633844,0,-0.057721998542547226,0.9479759335517883,0.3130660951137543,0,0.025074079632759094,-0.31211400032043457,0.9497140049934387,0,-3.337100028991699,9.136300086975098,0.1177000030875206,1
B16,mixamorig2_LeftHandIndex2,15,0.9988089799880981,-0.048117998987436295,-0.008097000420093536,0,0.04808491840958595,0.9424340128898621,0.33091598749160767,0,-0.00829199980944395,-0.33091190457344055,0.9436249732971191,0,0.008999999612569809,3.075900077819824,0,1
B17,mixamorig2_LeftHandIndex3,16,0.9992719888687134,-0.0376800000667572,-0.006037999875843525,0,0.03782600164413452,0.9571390151977539,0.28714799880981445,0,-0.005040000192821026,-0.2871670126914978,0.9578670263290405,0,-0.004900000058114529,2.8001999855041504,0,1
B18,mixamorig2_LeftHandIndex4,17,1,0,0,0,0,1,0,0,0,0,1,0,-0.00419999985024333,2.44569993019104,0,1
B19,mixamorig2_LeftHandMiddle1,10,0.9989839792251587,0.04295999929308891,-0.013609999790787697,0,-0.03191091865301132,0.8876139521598816,0.45948201417922974,0,0.03181908279657364,-0.45858100056648254,0.8880829811096191,0,-0.9397000074386597,9.032699584960938,-0.17170000076293945,1
B20,mixamorig2_LeftHandMiddle2,19,0.9976360201835632,-0.06664499640464783,-0.016746999695897102,0,0.06656008213758469,0.8766070008277893,0.47658100724220276,0,-0.01708099991083145,-0.47656992077827454,0.8789709806442261,0,0.008700000122189522,3.3073999881744385,0,1
B21,mixamorig2_LeftHandMiddle3,20,0.9982770085334778,-0.057048000395298004,-0.013766000047326088,0,0.05734400078654289,0.898389995098114,0.43543899059295654,0,-0.012474000453948975,-0.43547800183296204,0.9001129865646362,0,-0.004699999932199717,3.1054000854492188,0,1
B22,mixamorig2_LeftHandMiddle4,21,1,0,0,0,0,1,0,0,0,0,1,0,-0.0038999998942017555,2.734100103378296,0,1
B23,mixamorig2_LeftHandRing1,10,0.9994350075721741,0.023485999554395676,-0.024024080485105515,0,-0.004536000080406666,0.8028489947319031,0.5961650013923645,0,0.03328999876976013,-0.5957199931144714,0.8025019764900208,0,1.11489999294281,9.02649974822998,-0.13850000500679016,1
B24,mixamorig2_LeftHandRing2,23,0.9960600137710571,-0.08396700024604797,-0.028527000918984413,0,0.08385699987411499,0.7871789932250977,0.6109970211982727,0,-0.028847919777035713,-0.6109820008277893,0.7911189794540405,0,0.005400000140070915,2.7511000633239746,0,1
B25,mixamorig2_LeftHandRing3,24,0.9968259930610657,-0.07569999992847443,-0.02462800033390522,0,0.07609400153160095,0.8152480125427246,0.5740910172462463,0,-0.023381000384688377,-0.5741429924964905,0.8184210062026978,0,-0.0032999999821186066,2.789299964904785,0,1
B26,mixamorig2_LeftHandRing4,25,1,0,0,0,0,1,0,0,0,0,1,0,-0.002099999925121665,2.3826000690460205,0,1
B27,mixamorig2_LeftHandPinky1,10,0.9957320094108582,-0.04365908354520798,-0.08130808174610138,0,0.08745399862527847,0.7278029322624207,0.6801870465278625,0,0.029479999095201492,-0.6843950748443604,0.7285150289535522,0,3.161900043487549,8.505999565124512,0.05460000038146973,1
B28,mixamorig2_LeftHandPinky2,27,0.9988150000572205,-0.026559000834822655,-0.040775083005428314,0,0.04768700152635574,0.7011420130729675,0.7114250063896179,0,0.009695000015199184,-0.7125269770622253,0.7015780210494995,0,0.002400000113993883,2.48009991645813,0,1
B29,mixamorig2_LeftHandPinky3,28,0.9951959848403931,-0.0911479964852333,-0.035732001066207886,0,0.09146799892187119,0.7355319857597351,0.6712870001792908,0,-0.034905001521110535,-0.6713299751281738,0.740336000919342,0,-0.00139999995008111,2.079900026321411,0,1
B30,mixamorig2_LeftHandPinky4,29,1,0,0,0,0,1,0,0,0,0,1,0,-0.0010000000474974513,1.8425999879837036,0,1
B31,mixamorig2_RightShoulder,3,-0.10445891320705414,-0.009475688450038433,0.9944837093353271,0,-0.8792060613632202,-0.4665045142173767,-0.09679610282182693,0,0.46484872698783875,-0.8844680786132812,0.04039953649044037,0,-5.225299835205078,11.903599739074707,-0.05130000039935112,1
B32,mixamorig2_RightArm,31,0.5376312732696533,-0.6774095296859741,0.5020642876625061,0,0.08841202408075333,0.6374490857124329,0.7654029130935669,0,-0.8385315537452698,-0.3671163022518158,0.4026038944721222,0,0,10.833399772644043,0,1
B33,mixamorig2_RightForeArm,32,0.9300888180732727,-0.3671901524066925,-0.010244789533317089,0,0.3672550618648529,0.9301049113273621,0.005255094263702631,0,0.0075988564640283585,-0.008649238385260105,0.9999340176582336,0,0,25.508899688720703,0,1
B34,mixamorig2_RightHand,33,0.8730661273002625,0.08936334401369095,-0.479339599609375,0,-0.15257585048675537,0.9837629795074463,-0.09449212998151779,0,0.46311309933662415,0.15563350915908813,0.8725253343582153,0,0,24.507200241088867,0,1
B35,mixamorig2_RightHandThumb1,34,0.9417639970779419,-0.31731700897216797,0.11131308227777481,0,0.284292995929718,0.9280980229377747,0.24043992161750793,0,-0.17960500717163086,-0.19479192793369293,0.9642599821090698,0,2.7197999954223633,2.723599910736084,1.186400055885315,1
B36,mixamorig2_RightHandThumb2,35,0.9936000108718872,0.10503800213336945,-0.04154200106859207,0,-0.10728800296783447,0.9926369786262512,-0.056233000010252,0,0.03533000126481056,0.06032999977469444,0.9975529909133911,0,0.5569000244140625,3.1737000942230225,0,1
B37,mixamorig2_RightHandThumb3,36,0.9996430277824402,0.025560999289155006,-0.007818000391125679,0,-0.026151999831199646,0.9957399964332581,-0.08841399848461151,0,0.0055240001529455185,0.08858691900968552,0.9960529804229736,0,-0.20649999380111694,3.249300003051758,0,1
B38,mixamorig2_RightHandThumb4,37,1,0,0,0,0,1,0,0,0,0,1,0,-0.35040000081062317,2.8046998977661133,0,1
B39,mixamorig2_RightHandIndex1,34,0.9964020252227783,-0.08475399762392044,-0.0005469999741762877,0,0.08338800072669983,0.9791470170021057,0.18525199592113495,0,-0.015166000463068485,-0.18463100492954254,0.9826909899711609,0,3.283900022506714,9.167900085449219,0.012000000104308128,1
B40,mixamorig2_RightHandIndex2,39,0.9997419714927673,0.022619999945163727,0.002087000058963895,0,-0.022621000185608864,0.9829480051994324,0.18248599767684937,0,0.002076999982818961,-0.18248599767684937,0.9832059741020203,0,-0.0013000000035390258,3.0429000854492188,0,1
B41,mixamorig2_RightHandIndex3,40,0.9999510049819946,0.009864999912679195,0.000493000028654933,0,-0.009867999702692032,0.995743989944458,0.09163492172956467,0,0.0004130000015720725,-0.09163500368595123,0.9957929849624634,0,0.0019000000320374966,2.8647000789642334,0,1
B42,mixamorig2_RightHandIndex4,41,1,0,0,0,0,1,0,0,0,0,1,0,-0.000699999975040555,2.432300090789795,0,1
B43,mixamorig2_RightHandMiddle1,34,0.9963899850845337,-0.08470699936151505,0.005568999797105789,0,0.08221399784088135,0.979246973991394,0.185248002409935,0,-0.02114499919116497,-0.1841209977865219,0.9826760292053223,0,0.9546999931335449,8.974800109863281,0.024900000542402267,1
B44,mixamorig2_RightHandMiddle2,43,0.9998080134391785,0.019519999623298645,0.00177800003439188,0,-0.019516000524163246,0.9829909801483154,0.1826130747795105,0,0.001816999982111156,-0.18261300027370453,0.9831830263137817,0,0.002400000113993883,3.1963999271392822,0,1
B45,mixamorig2_RightHandMiddle3,44,0.9999520182609558,0.00980400014668703,0.00046300000394694507,0,-0.00980599969625473,0.9957389831542969,0.09169791638851166,0,0.00043799998820759356,-0.09169799834489822,0.9957870244979858,0,-0.0006000000284984708,3.1865999698638916,0,1
B46,mixamorig2_RightHandMiddle4,45,1,0,0,0,0,1,0,0,0,0,1,0,-0.0017999999690800905,2.7548999786376953,0,1
B47,mixamorig2_RightHandRing1,34,0.9965519905090332,-0.08291500061750412,-0.003135999897494912,0,0.08205900341272354,0.9792580008506775,0.1852550059556961,0,-0.01228999998420477,-0.18487299978733063,0.9826850891113281,0,-1.1521999835968018,9.07759952545166,-0.23340000212192535,1
B48,mixamorig2_RightHandRing2,47,0.9997950196266174,0.02017292007803917,0.0018570000538602471,0,-0.020173000171780586,0.9830129742622375,0.1824260801076889,0,0.0018550000386312604,-0.1824260801076889,0.9832180142402649,0,0.0026000000070780516,2.8696000576019287,0,1
B49,mixamorig2_RightHandRing3,48,0.999925971031189,0.012128000147640705,0.0004619999963324517,0,-0.012120000086724758,0.9957219958305359,0.09160300344228745,0,0.0006510000093840063,-0.09160199761390686,0.9957950711250305,0,-0.0027000000700354576,2.6958999633789062,0,1
B50,mixamorig2_RightHandRing4,49,1,0,0,0,0,1,0,0,0,0,1,0,0.00009999999747378752,2.287400007247925,0,1
B51,mixamorig2_RightHandPinky1,34,0.9965000152587891,-0.08356799930334091,0.0022499999031424522,0,0.08170600235462189,0.9792889952659607,0.18524900078773499,0,-0.017683999612927437,-0.1844169944524765,0.9826890230178833,0,-3.086400032043457,8.374699592590332,0.15379999577999115,1
B52,mixamorig2_RightHandPinky2,51,0.9998189806938171,0.01895291917026043,0.001744000008329749,0,-0.01895200088620186,0.9830150008201599,0.18254299461841583,0,0.0017450000159442425,-0.18254207074642181,0.9831960201263428,0,0.0031999999191612005,2.5383999347686768,0,1
B53,mixamorig2_RightHandPinky3,52,0.9999409914016724,0.01080899965018034,0.0004140807141084224,0,-0.01080199982970953,0.9957320094108582,0.09166191518306732,0,0.0005779999773949385,-0.0916609987616539,0.9957900047302246,0,-0.0019000000320374966,2.1456000804901123,0,1
B54,mixamorig2_RightHandPinky4,53,1,0,0,0,0,1,0,0,0,0,1,0,-0.0013000000035390258,1.9493999481201172,0,1
B55,mixamorig2_LeftUpLeg,0,-0.9989703893661499,-0.014822201803326607,0.0428774431347847,0,0.015845278277993202,-0.9995956420898438,0.023601340129971504,0,0.04250970482826233,0.024256451055407524,0.998801589012146,0,8.899700164794922,-4.969699859619141,-0.7815999984741211,1
B56,mixamorig2_LeftLeg,55,0.9978969693183899,-0.014054229483008385,-0.06327909231185913,0,0.004187292419373989,0.9881508350372314,-0.1534317135810852,0,0.0646856501698494,0.15284386277198792,0.9861313700675964,0,0,42.8650016784668,0,1
B57,mixamorig2_LeftFoot,56,0.9985836744308472,0.05294842645525932,-0.0052145300433039665,0,-0.020461440086364746,0.47264987230300903,0.8810126781463623,0,0.04911278933286667,-0.8796578049659729,0.47306323051452637,0,0,42.83760070800781,0,1
B58,mixamorig2_LeftToeBase,57,0.9942409992218018,-0.0004513229650910944,0.10716908425092697,0,-0.06063632294535637,0.822163999080658,0.5660122632980347,0,-0.08836591988801956,-0.5692503452301025,0.8174009919166565,0,0,15.807000160217285,0,1
B59,mixamorig2_LeftToe_End,58,1,0,0,0,0,1,0,0,0,0,1,0,0,6.435299873352051,0,1
B60,mixamorig2_RightUpLeg,0,-0.9888504147529602,0.005907900165766478,-0.1487937569618225,0,-0.011426873505115509,-0.9992771148681641,0.03626009076833725,0,-0.1484719216823578,0.03755578398704529,0.9882032871246338,0,-8.899700164794922,-4.969699859619141,-0.9538999795913696,1
B61,mixamorig2_RightLeg,60,0.9963321685791016,-0.01879383996129036,0.08347820490598679,0,0.03399140387773514,0.9822332262992859,-0.1845618039369583,0,-0.07852685451507568,0.186722069978714,0.9792686700820923,0,0,42.86309814453125,0,1
B62,mixamorig2_RightFoot,61,0.999726414680481,-0.02266019582748413,0.005728972144424915,0,0.005106024909764528,0.4509434700012207,0.89253830909729,0,-0.022807801142334938,-0.8922648429870605,0.4509359896183014,0,0,42.83420181274414,0,1
B63,mixamorig2_RightToeBase,62,0.9943590760231018,0.00021759650553576648,-0.10606183856725693,0,0.059655435383319855,0.8256762623786926,0.560981273651123,0,0.0876951664686203,-0.5641442537307739,0.8210062384605408,0,0,15.84119987487793,0,1
B64,mixamorig2_RightToe_End,63,1,0,0,0,0,1,0,0,0,0,1,0,0,6.527900218963623,0,1
@52,0,1,2,3,4,5,7,8,9,10,11,12,13,15,16,17,19,20,21,23,24,25,27,28,29,31,32,33,34,35,36,37,39,40,41,43,44,45,47,48,49,51,52,53,55,56,57,58,60,61,62,63
K0.000,0.999966025352478,-0.001142999972216785,-0.008182999677956104,0,0.0007479999912902713,0.9988430142402649,-0.0480789989233017,0,0.008228999562561512,0.0480710007250309,0.9988099932670593,0,0.03341799974441528,100.24539947509766,1.6770470142364502,1,0.9999200105667114,-0.012575999833643436,0.001420999993570149,0,0.012601999565958977,0.9997259974479675,-0.019732000306248665,0,-0.001171999960206449,0.01974800042808056,0.9998040199279785,0,0,8.951199531555176,-0.2865999937057495,1,0.9998130202293396,-0.01915699988603592,0.0024590000975877047,0,0.01909100078046322,0.999517023563385,0.02452399954199791,0,-0.0029279999434947968,-0.02447200007736683,0.9996960163116455,0,0,10.448399543762207,0,1,0.9998130202293396,-0.019158000126481056,0.002478000009432435,0,0.019091999158263206,0.999517023563385,0.024521000683307648,0,-0.0029460000805556774,-0.024469999596476555,0.9996960163116455,0,0,11.940999984741211,0,1,0.9985389709472656,0.05266299843788147,0.012117999605834484,0,-0.05331699922680855,0.9966449737548828,0.062102001160383224,0,-0.008806999772787094,-0.06265699863433838,0.9979959726333618,0,0,13.433600425720215,0,1,0.9985389709472656,0.05302400141954422,0.010425999760627747,0,-0.05331699922680855,0.998121976852417,0.030169999226927757,0,-0.008806999772787094,-0.030681999400258064,0.9994900226593018,0,0,8.477299690246582,0.4431000053882599,1,0.023314999416470528,0.02260500006377697,-0.999472975730896,0,0.8823789954185486,-0.4704349935054779,0.009944000281393528,0,-0.4699620008468628,-0.8821449875831604,-0.030913999304175377,0,5.225299835205078,11.903499603271484,-0.04659999907016754,1,0.7139790058135986,0.5736960172653198,-0.4013809859752655,0,-0.05316299945116043,0.6160290241241455,0.7859269976615906,0,0.6981459856033325,-0.5397970080375671,0.47033101320266724,0,0,10.833399772644043,0,1,0.9709579944610596,0.2390580028295517,0.009608999826014042,0,-0.23909899592399597,0.9709889888763428,0.0033229999244213104,0,-0.008535999804735184,-0.0055240001529455185,0.9999480247497559,0,0,25.510299682617188,0,1,0.9211959838867188,-0.1865130066871643,0.3414829969406128,0,0.2317350059747696,0.9679870009422302,-0.09643600136041641,0,-0.31256499886512756,0.16797000169754028,0.9349269866943359,0,0,24.506200790405273,0,1,0.9630370140075684,0.24893300235271454,-0.10291899740695953,0,-0.21907900273799896,0.9461230039596558,0.2384449988603592,0,0.1567309945821762,-0.20708400011062622,0.9656869769096375,0,-2.9267001152038574,3.0195999145507812,1.2417999505996704,1,0.9698899984359741,-0.1647849977016449,0.17932899296283722,0,0.15824800729751587,0.9861189723014832,0.05027100071310997,0,-0.1851229965686798,-0.020378999412059784,0.9825040102005005,0,-0.6902999877929688,3.439199924468994,0,1,0.9937040209770203,0.11105100065469742,0.014809000305831432,0,-0.10926199704408646,0.9898369908332825,-0.09102500230073929,0,-0.02476700022816658,0.0888340026140213,0.9957389831542969,0,0.15240000188350677,3.0773000717163086,0,1,0.9980180263519287,0.06266999989748001,-0.005754000041633844,0,-0.057721998542547226,0.9479759931564331,0.3130660057067871,0,0.025073999539017677,-0.31211400032043457,0.9497140049934387,0,-3.337100028991699,9.136300086975098,0.1177000030875206,1,0.9988089799880981,-0.048117998987436295,-0.008097000420093536,0,0.04808500036597252,0.9424340128898621,0.33091598749160767,0,-0.00829199980944395,-0.3309110105037689,0.9436249732971191,0,0.008999999612569809,3.075900077819824,0,1,0.9992719888687134,-0.0376800000667572,-0.006037999875843525,0,0.03782600164413452,0.9571390151977539,0.28714799880981445,0,-0.005040000192821026,-0.2871670126914978,0.9578670263290405,0,-0.004900000058114529,2.8001999855041504,0,1,0.9989839792251587,0.04295999929308891,-0.013609999790787697,0,-0.03191100060939789,0.8876129984855652,0.45948201417922974,0,0.03181999921798706,-0.45858100056648254,0.8880829811096191,0,-0.9397000074386597,9.032699584960938,-0.17170000076293945,1,0.9976360201835632,-0.06664499640464783,-0.016746999695897102,0,0.06656000018119812,0.8766070008277893,0.47658100724220276,0,-0.01708099991083145,-0.4765689969062805,0.8789709806442261,0,0.008700000122189522,3.3073999881744385,0,1,0.9982770085334778,-0.057048000395298004,-0.013766000047326088,0,0.05734499916434288,0.898389995098114,0.43543899059295654,0,-0.012474000453948975,-0.43547800183296204,0.9001129865646362,0,-0.004699999932199717,3.1054000854492188,0,1,0.9994350075721741,0.023485999554395676,-0.024025000631809235,0,-0.004536000080406666,0.8028489947319031,0.5961650013923645,0,0.03328999876976013,-0.5957199931144714,0.8025019764900208,0,1.11489999294281,9.02649974822998,-0.13850000500679016,1,0.9960600137710571,-0.08396700024604797,-0.028527000918984413,0,0.08385699987411499,0.7871789932250977,0.6109970211982727,0,-0.028846999630331993,-0.6109820008277893,0.7911189794540405,0,0.005400000140070915,2.7511000633239746,0,1,0.9968259930610657,-0.07569999992847443,-0.02462800033390522,0,0.07609499990940094,0.8152480125427246,0.5740910172462463,0,-0.023381000384688377,-0.5741429924964905,0.8184210062026978,0,-0.0032999999821186066,2.789299964904785,0,1,0.9957320094108582,-0.04365900158882141,-0.0813089981675148,0,0.08745399862527847,0.7278029918670654,0.680188000202179,0,0.029479999095201492,-0.6843960285186768,0.7285150289535522,0,3.161900043487549,8.505999565124512,0.05460000038146973,1,0.9988150000572205,-0.026559000834822655,-0.04077500104904175,0,0.04768700152635574,0.7011420130729675,0.7114250063896179,0,0.009695000015199184,-0.7125269770622253,0.7015780210494995,0,0.002400000113993883,2.48009991645813,0,1,0.9951959848403931,-0.0911479964852333,-0.035732001066207886,0,0.09146799892187119,0.7355319857597351,0.6712870001792908,0,-0.034905001521110535,-0.6713299751281738,0.740336000919342,0,-0.00139999995008111,2.079900026321411,0,1,-0.1057410016655922,-0.009173999540507793,0.9943510293960571,0,-0.8790929913520813,-0.4665110111236572,-0.0977879986166954,0,0.4647729992866516,-0.8844680190086365,0.04126499965786934,0,-5.225299835205078,11.903599739074707,-0.05130000039935112,1,0.5254729986190796,-0.6836580038070679,0.5064489841461182,0,0.08798500150442123,0.6357280015945435,0.7668830156326294,0,-0.846248984336853,-0.35841599106788635,0.39420899748802185,0,0,10.833399772644043,0,1,0.9334660172462463,-0.3585200011730194,-0.010196000337600708,0,0.358583003282547,0.9334840178489685,0.0051310001872479916,0,0.0076779997907578945,-0.008445000275969505,0.99993497133255,0,0,25.508899688720703,0,1,0.8682039976119995,0.09426599740982056,-0.48717200756073,0,-0.1579899936914444,0.983210027217865,-0.09131000190973282,0,0.47038498520851135,0.15624399483203888,0.8685190081596375,0,0,24.507200241088867,0,1,0.9417639970779419,-0.31731700897216797,0.11131399869918823,0,0.284292995929718,0.9280980229377747,0.2404399961233139,0,-0.17960600554943085,-0.1947920024394989,0.9642599821090698,0,2.7197999954223633,2.723599910736084,1.186400055885315,1,0.9936000108718872,0.10503800213336945,-0.04154200106859207,0,-0.10728800296783447,0.9926360249519348,-0.056233000010252,0,0.03533000126481056,0.06032999977469444,0.9975529909133911,0,0.5569000244140625,3.1737000942230225,0,1,0.9996430277824402,0.025560999289155006,-0.007818000391125679,0,-0.026153000071644783,0.9957399964332581,-0.08841399848461151,0,0.0055240001529455185,0.08858700096607208,0.9960529804229736,0,-0.20649999380111694,3.249300003051758,0,1,0.9964020252227783,-0.08475399762392044,-0.0005460000247694552,0,0.08338800072669983,0.9791470170021057,0.18525199592113495,0,-0.015166000463068485,-0.18463100492954254,0.9826909899711609,0,3.283900022506714,9.167900085449219,0.012000000104308128,1,0.9997419714927673,0.022619999945163727,0.002087000058963895,0,-0.022621000185608864,0.9829480051994324,0.18248599767684937,0,0.002076999982818961,-0.18248599767684937,0.9832059741020203,0,-0.0013000000035390258,3.0429000854492188,0,1,0.9999510049819946,0.009864999912679195,0.000493000028654933,0,-0.009867999702692032,0.995743989944458,0.09163500368595123,0,0.0004130000015720725,-0.09163500368595123,0.9957929849624634,0,0.0019000000320374966,2.8647000789642334,0,1,0.9963899850845337,-0.08470699936151505,0.005568999797105789,0,0.08221399784088135,0.979246973991394,0.185248002409935,0,-0.02114499919116497,-0.1841209977865219,0.9826760292053223,0,0.9546999931335449,8.974800109863281,0.024900000542402267,1,0.9998080134391785,0.019519999623298645,0.00177800003439188,0,-0.019516000524163246,0.9829909801483154,0.18261399865150452,0,0.001816999982111156,-0.18261300027370453,0.9831830263137817,0,0.002400000113993883,3.1963999271392822,0,1,0.9999520182609558,0.009805000387132168,0.00046300000394694507,0,-0.00980599969625473,0.9957389831542969,0.09169699996709824,0,0.00043799998820759356,-0.09169799834489822,0.9957870244979858,0,-0.0006000000284984708,3.1865999698638916,0,1,0.9965519905090332,-0.08291500061750412,-0.003135999897494912,0,0.08205900341272354,0.9792580008506775,0.1852550059556961,0,-0.01228999998420477,-0.18487399816513062,0.9826850295066833,0,-1.1521999835968018,9.07759952545166,-0.23340000212192535,1,0.9997950196266174,0.02017199993133545,0.0018570000538602471,0,-0.020173000171780586,0.9830129742622375,0.18242600560188293,0,0.0018550000386312604,-0.18242600560188293,0.9832180142402649,0,0.0026000000070780516,2.8696000576019287,0,1,0.999925971031189,0.012128000147640705,0.0004619999963324517,0,-0.012120000086724758,0.9957219958305359,0.09160300344228745,0,0.0006510000093840063,-0.09160199761390686,0.9957950115203857,0,-0.0027000000700354576,2.6958999633789062,0,1,0.9965000152587891,-0.08356799930334091,0.0022499999031424522,0,0.08170600235462189,0.9792889952659607,0.18524900078773499,0,-0.017683999612927437,-0.1844169944524765,0.9826890230178833,0,-3.086400032043457,8.374699592590332,0.15379999577999115,1,0.9998189806938171,0.01895200088620186,0.001744000008329749,0,-0.01895200088620186,0.9830150008201599,0.18254299461841583,0,0.0017450000159442425,-0.18254299461841583,0.9831960201263428,0,0.0031999999191612005,2.5383999347686768,0,1,0.9999409914016724,0.01080899965018034,0.0004140000091865659,0,-0.01080199982970953,0.9957320094108582,0.0916609987616539,0,0.0005779999773949385,-0.0916609987616539,0.9957900047302246,0,-0.0019000000320374966,2.1456000804901123,0,1,-0.9989230036735535,-0.016711000353097916,0.04327800124883652,0,0.01776999980211258,-0.9995489716529846,0.024202000349760056,0,0.04285399988293648,0.024945000186562538,0.998769998550415,0,8.899700164794922,-4.969699859619141,-0.7815999984741211,1,0.997393012046814,-0.0170499999076128,-0.07012099772691727,0,0.005770999938249588,0.9874209761619568,-0.15801000595092773,0,0.07193300127983093,0.15719300508499146,0.9849449992179871,0,0,42.8650016784668,0,1,0.9984220266342163,0.05596800148487091,-0.004647000227123499,0,-0.022041000425815582,0.4666000008583069,0.884194016456604,0,0.05165499821305275,-0.8826959729194641,0.4670970141887665,0,0,42.83760070800781,0,1,0.9942399859428406,-0.0004710000066552311,0.1071769967675209,0,-0.06065899878740311,0.8219469785690308,0.5663250088691711,0,-0.08836100250482559,-0.5695639848709106,0.8171839714050293,0,0,15.807000160217285,0,1,-0.9905620217323303,0.008988000452518463,-0.13677099347114563,0,-0.012657999992370605,-0.9995819926261902,0.025988999754190445,0,-0.13648000359535217,0.02747499942779541,0.990261971950531,0,-8.899700164794922,-4.969699859619141,-0.9538999795913696,1,0.997655987739563,-0.014519000425934792,0.06687299907207489,0,0.025685999542474747,0.9852290153503418,-0.1693039983510971,0,-0.06342700123786926,0.1706250011920929,0.9832929968833923,0,0,42.86309814453125,0,1,0.9997109770774841,-0.023312000557780266,0.00595200015231967,0,0.0053460001945495605,0.4564270079135895,0.8897449970245361,0,-0.023458000272512436,-0.8894550204277039,0.45642000436782837,0,0,42.83420181274414,0,1,0.994359016418457,0.00022699999681208283,-0.10606600344181061,0,0.05966600030660629,0.8255730271339417,0.56113201379776,0,0.0876929983496666,-0.5642949938774109,0.8209030032157898,0,0,15.84119987487793,0,1
K0.033,0.999970018863678,-0.001173000200651586,-0.007669993210583925,0,0.0007990005542524159,0.9988210201263428,-0.04854900389909744,0,0.00771799311041832,0.048541001975536346,0.998790979385376,0,0.036108970642089844,100.24755859375,1.7048192024230957,1,0.9999200105667114,-0.012553999200463295,0.001412999932654202,0,0.012578998692333698,0.9997280240058899,-0.019628997892141342,0,-0.0011659999145194888,0.019644998013973236,0.9998059868812561,0,0,8.951199531555176,-0.2865999937057495,1,0.9998130202293396,-0.019235000014305115,0.002213998232036829,0,0.01917400024831295,0.9995080232620239,0.024806002154946327,0,-0.0026899981312453747,-0.024759002029895782,0.9996899962425232,0,0,10.448399543762207,0,1,0.9998120069503784,-0.019236000254750252,0.0022329981438815594,0,0.019175000488758087,0.9995080232620239,0.024804001674056053,0,-0.002708998043090105,-0.02475700154900551,0.9996899962425232,0,0,11.940999984741211,0,1,0.9985219836235046,0.05297600105404854,0.012175001204013824,0,-0.05363300070166588,0.9966269731521606,0.06210999935865402,0,-0.008844001218676567,-0.06267099827528,0.9979950189590454,0,0,13.433600425720215,0,1,0.9985219836235046,0.053339000791311264,0.010473000817000866,0,-0.05363300070166588,0.998104989528656,0.03017899952828884,0,-0.008844001218676567,-0.030696000903844833,0.9994900226593018,0,0,8.477299690246582,0.4431000053882599,1,0.023938002064824104,0.022670000791549683,-0.999455988407135,0,0.8823559880256653,-0.4704670011997223,0.010462000966072083,0,-0.46997401118278503,-0.882125973701477,-0.031265001744031906,0,5.225299835205078,11.903499603271484,-0.04659999907016754,1,0.714805006980896,0.5729249715805054,-0.40101298689842224,0,-0.05341500788927078,0.6164829730987549,0.7855539917945862,0,0.697281002998352,-0.5400980114936829,0.4712679982185364,0,0,10.833399772644043,0,1,0.9707430005073547,0.23992900550365448,0.009611999616026878,0,-0.23996999859809875,0.9707750082015991,0.003335000015795231,0,-0.008531000465154648,-0.005543999839574099,0.9999480247497559,0,0,25.510299682617188,0,1,0.9211120009422302,-0.18554498255252838,0.3422349989414215,0,0.23003298044204712,0.9686350226402283,-0.09397298842668533,0,-0.31406503915786743,0.16528499126434326,0.9349030256271362,0,0,24.506200790405273,0,1,0.9630370140075684,0.24893300235271454,-0.10291899740695953,0,-0.21907800436019897,0.9461230039596558,0.2384449988603592,0,0.1567309945821762,-0.20708400011062622,0.9656869769096375,0,-2.9267001152038574,3.0195999145507812,1.2417999505996704,1,0.9698899984359741,-0.1647849977016449,0.17932899296283722,0,0.15824800729751587,0.9861189723014832,0.05027100071310997,0,-0.1851229965686798,-0.020378999412059784,0.9825040102005005,0,-0.6902999877929688,3.439199924468994,0,1,0.9937040209770203,0.11105100065469742,0.014809999614953995,0,-0.10926199704408646,0.9898369908332825,-0.09102500230073929,0,-0.024768000468611717,0.08883299678564072,0.9957389831542969,0,0.15240000188350677,3.0773000717163086,0,1,0.9980180263519287,0.06266900151968002,-0.005754000041633844,0,-0.057721998542547226,0.9479759931564331,0.3130660057067871,0,0.025073999539017677,-0.31211400032043457,0.9497140049934387,0,-3.337100028991699,9.136300086975098,0.1177000030875206,1,0.9988089799880981,-0.048117998987436295,-0.008097000420093536,0,0.04808500036597252,0.9424340128898621,0.33091598749160767,0,-0.00829199980944395,-0.3309110105037689,0.9436249732971191,0,0.008999999612569809,3.075900077819824,0,1,0.9992719888687134,-0.0376800000667572,-0.006037999875843525,0,0.03782600164413452,0.9571390151977539,0.28714799880981445,0,-0.0050409999676048756,-0.2871670126914978,0.9578670263290405,0,-0.004900000058114529,2.8001999855041504,0,1,0.9989839792251587,0.04295999929308891,-0.013609999790787697,0,-0.03191100060939789,0.8876129984855652,0.45948201417922974,0,0.03181999921798706,-0.45858100056648254,0.8880829811096191,0,-0.9397000074386597,9.032699584960938,-0.17170000076293945,1,0.9976360201835632,-0.06664499640464783,-0.016746999695897102,0,0.06656000018119812,0.8766070008277893,0.47658100724220276,0,-0.01708099991083145,-0.4765689969062805,0.8789709806442261,0,0.008700000122189522,3.3073999881744385,0,1,0.9982770085334778,-0.057048000395298004,-0.013766000047326088,0,0.05734400078654289,0.898389995098114,0.43543899059295654,0,-0.012474000453948975,-0.43547800183296204,0.9001129865646362,0,-0.004699999932199717,3.1054000854492188,0,1,0.9994350075721741,0.023485999554395676,-0.024024000391364098,0,-0.004536000080406666,0.8028489947319031,0.5961650013923645,0,0.03328999876976013,-0.5957199931144714,0.8025019764900208,0,1.11489999294281,9.02649974822998,-0.13850000500679016,1,0.9960600137710571,-0.08396700024604797,-0.028527000918984413,0,0.08385699987411499,0.7871789932250977,0.6109970211982727,0,-0.028846999630331993,-0.6109820008277893,0.7911189794540405,0,0.005400000140070915,2.7511000633239746,0,1,0.9968259930610657,-0.07569999992847443,-0.02462800033390522,0,0.07609499990940094,0.8152480125427246,0.5740910172462463,0,-0.023381000384688377,-0.5741429924964905,0.8184210062026978,0,-0.0032999999821186066,2.789299964904785,0,1,0.9957320094108582,-0.04365900158882141,-0.0813089981675148,0,0.08745399862527847,0.7278029918670654,0.680188000202179,0,0.029479999095201492,-0.6843950152397156,0.7285150289535522,0,3.161900043487549,8.505999565124512,0.05460000038146973,1,0.9988150000572205,-0.026559000834822655,-0.04077500104904175,0,0.04768599942326546,0.7011420130729675,0.7114250063896179,0,0.009695000015199184,-0.7125269770622253,0.7015780210494995,0,0.002400000113993883,2.48009991645813,0,1,0.9951959848403931,-0.0911479964852333,-0.035732001066207886,0,0.09146799892187119,0.7355319857597351,0.6712870001792908,0,-0.034905001521110535,-0.6713299751281738,0.740336000919342,0,-0.00139999995008111,2.079900026321411,0,1,-0.10623999685049057,-0.009053999558091164,0.9942989945411682,0,-0.8790490031242371,-0.466513991355896,-0.09817399829626083,0,0.4647440016269684,-0.8844670057296753,0.04160299897193909,0,-5.225299835205078,11.903599739074707,-0.05130000039935112,1,0.5240169763565063,-0.6844469904899597,0.5068920254707336,0,0.08843100816011429,0.6356539726257324,0.7668930292129517,0,-0.8471050262451172,-0.3570390045642853,0.39361900091171265,0,0,10.833399772644043,0,1,0.9335520267486572,-0.3582969903945923,-0.010195000097155571,0,0.3583590090274811,0.9335700273513794,0.005127000156790018,0,0.007681000046432018,-0.008440000005066395,0.99993497133255,0,0,25.508899688720703,0,1,0.8676660060882568,0.09470700472593307,-0.48804399371147156,0,-0.15890401601791382,0.9830219745635986,-0.09174700081348419,0,0.47106900811195374,0.1571580022573471,0.8679839968681335,0,0,24.507200241088867,0,1,0.9417639970779419,-0.31731700897216797,0.11131399869918823,0,0.284292995929718,0.9280980229377747,0.2404399961233139,0,-0.17960600554943085,-0.1947920024394989,0.9642599821090698,0,2.7197999954223633,2.723599910736084,1.186400055885315,1,0.9936000108718872,0.10503800213336945,-0.04154200106859207,0,-0.10728800296783447,0.9926360249519348,-0.056233000010252,0,0.03533000126481056,0.06032999977469444,0.9975529909133911,0,0.5569000244140625,3.1737000942230225,0,1,0.9996430277824402,0.025560999289155006,-0.007818000391125679,0,-0.026153000071644783,0.9957399964332581,-0.08841300010681152,0,0.0055240001529455185,0.0885860025882721,0.9960529804229736,0,-0.20649999380111694,3.249300003051758,0,1,0.9964020252227783,-0.08475399762392044,-0.0005460000247694552,0,0.08338800072669983,0.9791470170021057,0.18525199592113495,0,-0.015166000463068485,-0.18463100492954254,0.9826909899711609,0,3.283900022506714,9.167900085449219,0.012000000104308128,1,0.9997419714927673,0.022619999945163727,0.002087000058963895,0,-0.022621000185608864,0.9829480051994324,0.18248599767684937,0,0.002076999982818961,-0.18248599767684937,0.9832059741020203,0,-0.0013000000035390258,3.0429000854492188,0,1,0.9999510049819946,0.009864999912679195,0.000493000028654933,0,-0.009867999702692032,0.995743989944458,0.09163500368595123,0,0.0004130000015720725,-0.09163500368595123,0.9957929849624634,0,0.0019000000320374966,2.8647000789642334,0,1,0.9963899850845337,-0.08470699936151505,0.005568999797105789,0,0.08221399784088135,0.979246973991394,0.185248002409935,0,-0.02114499919116497,-0.1841209977865219,0.9826760292053223,0,0.9546999931335449,8.974800109863281,0.024900000542402267,1,0.9998080134391785,0.019519999623298645,0.00177800003439188,0,-0.019516000524163246,0.9829909801483154,0.18261399865150452,0,0.001816999982111156,-0.18261300027370453,0.9831830263137817,0,0.002400000113993883,3.1963999271392822,0,1,0.9999520182609558,0.00980400014668703,0.00046300000394694507,0,-0.00980599969625473,0.9957389831542969,0.09169799834489822,0,0.00043799998820759356,-0.09169799834489822,0.9957870244979858,0,-0.0006000000284984708,3.1865999698638916,0,1,0.9965519905090332,-0.08291500061750412,-0.003135999897494912,0,0.08205900341272354,0.9792580008506775,0.1852550059556961,0,-0.012288999743759632,-0.18487299978733063,0.9826850295066833,0,-1.1521999835968018,9.07759952545166,-0.23340000212192535,1,0.9997950196266174,0.020173000171780586,0.0018570000538602471,0,-0.020173000171780586,0.9830129742622375,0.18242600560188293,0,0.0018550000386312604,-0.18242600560188293,0.9832180142402649,0,0.0026000000070780516,2.8696000576019287,0,1,0.999925971031189,0.012128000147640705,0.0004619999963324517,0,-0.012120000086724758,0.9957219958305359,0.09160300344228745,0,0.0006510000093840063,-0.09160199761390686,0.9957950115203857,0,-0.0027000000700354576,2.6958999633789062,0,1,0.9965000152587891,-0.08356799930334091,0.002248999895527959,0,0.08170600235462189,0.9792889952659607,0.18524900078773499,0,-0.017683999612927437,-0.1844169944524765,0.9826890230178833,0,-3.086400032043457,8.374699592590332,0.15379999577999115,1,0.9998189806938171,0.01895200088620186,0.001744000008329749,0,-0.01895200088620186,0.9830150008201599,0.18254299461841583,0,0.0017450000159442425,-0.18254299461841583,0.9831960201263428,0,0.0031999999191612005,2.5383999347686768,0,1,0.9999409914016724,0.01080899965018034,0.0004140000091865659,0,-0.01080199982970953,0.9957320094108582,0.09166199713945389,0,0.0005779999773949385,-0.0916609987616539,0.9957900047302246,0,-0.0019000000320374966,2.1456000804901123,0,1,-0.9989010095596313,-0.016666999086737633,0.04381200298666954,0,0.01769299991428852,-0.9995759725570679,0.023121992126107216,0,0.04340800270438194,0.02387199178338051,0.9987720251083374,0,8.899700164794922,-4.969699859619141,-0.7815999984741211,1,0.997393012046814,-0.01681699976325035,-0.07017698884010315,0,0.0055610002018511295,0.9874860048294067,-0.15760600566864014,0,0.07194899022579193,0.15680499374866486,0.9850050210952759,0,0,42.8650016784668,0,1,0.9984239935874939,0.05593099817633629,-0.004643999971449375,0,-0.02201800048351288,0.4664649963378906,0.8842650055885315,0,0.05162400007247925,-0.882768988609314,0.46696099638938904,0,0,42.83760070800781,0,1,0.9942399859428406,-0.00046999994083307683,0.1071769967675209,0,-0.06065699830651283,0.8219649791717529,0.5662990212440491,0,-0.08836200088262558,-0.5695379972457886,0.8172019720077515,0,0,15.807000160217285,0,1,-0.9906309843063354,0.009177999570965767,-0.13625800609588623,0,-0.012681999243795872,-0.9996100068092346,0.024870991706848145,0,-0.13597699999809265,0.026365991681814194,0.9903609752655029,0,-8.899700164794922,-4.969699859619141,-0.9538999795913696,1,0.9976570010185242,-0.014347000047564507,0.06689800322055817,0,0.025477999821305275,0.985351026058197,-0.16862699389457703,0,-0.06349900364875793,0.16993600130081177,0.9834070205688477,0,0,42.86309814453125,0,1,0.9997090101242065,-0.023375999182462692,0.005950999911874533,0,0.005378000438213348,0.4564729928970337,0.8897209763526917,0,-0.023514999076724052,-0.8894299864768982,0.4564659893512726,0,0,42.83420181274414,0,1,0.994359016418457,0.00022600000374950469,-0.10606600344181061,0,0.059664998203516006,0.8255839943885803,0.5611159801483154,0,0.0876929983496666,-0.5642790198326111,0.8209139704704285,0,0,15.84119987487793,0,1
